0.99	0.01	0.0	0.0
0.9894947062917013	0.010403188090297461	0.00010210561800122855	0.1001001001001001
0.9889693139164836	0.01082235809337074	0.00020832799014574205	0.2002002002002002
0.9884230842398333	0.011258092920171645	0.0003188228399951612	0.3003003003003003
0.9878551664083025	0.011711063708696722	0.0004337698830008984	0.4004004004004004
0.9872647544168309	0.012181905770548852	0.0005533398126203426	0.5005005005005005
0.9866509844302219	0.012671299436746518	0.0006777161330316425	0.6006006006006006
0.9860129781040423	0.013179936222164117	0.0008070856737936613	0.7007007007007008
0.9853498102998413	0.013708543690322964	0.0009416460098358518	0.8008008008008008
0.984660531256226	0.014257868255063505	0.0010816004887105749	0.9009009009009009
0.9839441567996113	0.014828682845583146	0.0012271603548055887	1.001001001001001
0.9831996705424365	0.015421784900696336	0.0013785445568671908	1.1011011011011012
0.9824260200454902	0.016037999406756712	0.0015359805477531611	1.2012012012012012
0.9816221141496403	0.016678180982769134	0.0016997048675905342	1.3013013013013013
0.980786832589879	0.0173432060128425	0.0018699613972785092	1.4014014014014016
0.9799190178518267	0.01803397934863089	0.002047002799542443	1.5015015015015016
0.9790174728049166	0.018751435600107655	0.0022310915949757316	1.6016016016016017
0.9780809617278103	0.019496538401320634	0.0024224998708690096	1.7017017017017018
0.9771082119352753	0.02027027930150286	0.0026215087632217656	1.8018018018018018
0.9760979074325772	0.02107368178336604	0.002828410784056684	1.9019019019019021
0.975048695057837	0.021907797409688446	0.00304350753247446	2.002002002002002
0.9739591785265285	0.02277370928966623	0.0032671121838052097	2.1021021021021022
0.9728279195728219	0.02367253142679085	0.003499549000387167	2.2022022022022023
0.9716534394132285	0.02460540796916914	0.00374115261760228	2.3023023023023024
0.9704342163572963	0.025573514586461232	0.003992269056242332	2.4024024024024024
0.9691686854879967	0.02657805785893361	0.004253256653069653	2.5025025025025025
0.9678552377827847	0.027620275639608692	0.004524486577606552	2.6026026026026026
0.9664922182657516	0.02870143910209236	0.004806342632156071	2.702702702702703
0.9650779254393732	0.02982285256219809	0.0050992219984287235	2.802802802802803
0.963610615672875	0.030985849742520773	0.0054035345846042545	2.902902902902903
0.9620885069480535	0.03219179054723897	0.005719702504707642	3.0030030030030033
0.9605097677704124	0.03344206961642786	0.006048162613159746	3.1031031031031033
0.9588725210949486	0.03473811295796123	0.006389365947090209	3.2032032032032034
0.9571748468724663	0.036081375219671676	0.006743777907862009	3.3033033033033035
0.9554147867611738	0.03747333488470157	0.007111878354124675	3.4034034034034035
0.9535903357519626	0.038915501955384506	0.007494162292652975	3.5035035035035036
0.9516994451704407	0.04040941478006601	0.007891140049493298	3.6036036036036037
0.9497400255512122	0.04195663699544977	0.008303337453338125	3.7037037037037037
0.9477099548088691	0.043558749400910916	0.008731295790220075	3.8038038038038042
0.9456070676918792	0.04521735974036804	0.009175572567752803	3.9039039039039043
0.9434291596140436	0.0469340987284391	0.009636741657517368	4.004004004004004
0.9411739897983394	0.048710616784916484	0.010115393416744103	4.104104104104104
0.9388392932597276	0.050548572541319226	0.010612134198953222	4.2042042042042045
0.9364227712413006	0.05244964143248071	0.01112758732621873	4.3043043043043046
0.9339220949106376	0.054415511929393964	0.011662393159968486	4.404404404404405
0.931334913505595	0.056447877782577136	0.01221720871182786	4.504504504504505
0.928658855114632	0.05854843694545645	0.012792707939911625	4.604604604604605
0.9258915258240262	0.06071889197349371	0.013389582202480066	4.704704704704705
0.9230305172606152	0.06296094284024843	0.014008539899136304	4.804804804804805
0.9200734187589026	0.0652762755807176	0.014650305660379883	4.904904904904905
0.9170178086131632	0.06766656981414666	0.015315621572690202	5.005005005005005
0.9138612615135534	0.0701334916703812	0.016005246816065452	5.105105105105105
0.9106013643327681	0.07267867942037609	0.016719956246855912	5.205205205205205
0.9072357132360176	0.07530374557904174	0.01746054118494072	5.305305305305305
0.9037619158914427	0.07801027451175335	0.01822780959680403	5.405405405405406
0.900177604738441	0.08079981039471094	0.01902258486684814	5.505505505505506
0.8964804492692829	0.08367384606278501	0.019845704667932132	5.605605605605606
0.8926681489221906	0.08663382865078105	0.020698022427028468	5.705705705705706
0.888738445573227	0.08968114830735935	0.02158040611941374	5.805805805805806
0.8846891422452485	0.09281712178020537	0.022493735974546156	5.9059059059059065
0.8805181011349157	0.09604299342737023	0.023438905437714177	6.0060060060060065
0.8762232481541211	0.09935993074078062	0.02441682110509835	6.106106106106107
0.8718025935558307	0.10276900668573023	0.025428399758439125	6.206206206206207
0.8672542400401967	0.10627119226248223	0.026474567697321084	6.306306306306307
0.8625763821702337	0.10986735607104169	0.027556261758724696	6.406406406406407
0.8577673207526182	0.11355825177932348	0.028674427468058313	6.506506506506507
0.8528254746798689	0.11734450802097496	0.02983001729915618	6.606606606606607
0.8477493961820305	0.12122661624721076	0.03102398757075879	6.706706706706707
0.8425377772512672	0.12520492329077304	0.03225729945795974	6.806806806806807
0.8371894641053135	0.12927961932717294	0.033530916567513606	6.906906906906907
0.831703469400781	0.1334507274236074	0.03484580317561157	7.007007007007007
0.82607896490085	0.1377181110351887	0.036202924063961285	7.107107107107107
0.8203153032455724	0.14208145486268822	0.037603241891739296	7.207207207207207
0.814412030126356	0.1465402545962319	0.039047715277412146	7.307307307307307
0.8083688964494428	0.15109380699633873	0.04053729655421856	7.407407407407407
0.8021858704157016	0.15574119999547595	0.042072929588822514	7.507507507507508
0.795863144630863	0.16048130719778822	0.04365554817134879	7.6076076076076085
0.7894011454177823	0.1653127809013647	0.04528607368085311	7.7077077077077085
0.7828005324281464	0.17023405433360567	0.046965413238248	7.807807807807809
0.7760622192565086	0.1752433239046623	0.04869445683882912	7.907907907907909
0.7691873781340615	0.18033854675120367	0.0504740751147349	8.008008008008009
0.7621774417592209	0.18551744086044417	0.05230511738033501	8.108108108108109
0.7550341138004205	0.19077747739248074	0.05418840880709878	8.208208208208209
0.7477593751456104	0.1961158769851932	0.05612474786919648	8.308308308308309
0.740355483023333	0.20152961285388113	0.05811490412278606	8.408408408408409
0.7328249748465578	0.20701540954620432	0.06015961560723802	8.508508508508509
0.7251706746488131	0.21256973934250908	0.06225958600867786	8.608608608608609
0.7173956904362426	0.21818882710796716	0.06441548245579029	8.70870870870871
0.7095034086349955	0.2238686577066171	0.06662793365838747	8.80880880880881
0.7014974998356711	0.22960497370323685	0.06889752646109219	8.90890890890891
0.693381913376586	0.23539328291885603	0.07122480370455808	9.00900900900901
0.6851608673653454	0.2412288698804999	0.07361026275415462	9.10910910910911
0.6768388473437154	0.24710680026748535	0.07605435238879928	9.20920920920921
0.6684205988072986	0.25302193064669276	0.07855747054600869	9.30930930930931
0.6599111149916745	0.25896892184458553	0.08111996316373996	9.40940940940941
0.6513156271451107	0.26494225091832135	0.08374212193656796	9.50950950950951
0.6426395941724138	0.2709362239292436	0.08642418189834271	9.60960960960961
0.6338886884655136	0.2769449911958469	0.08916632033863947	9.70970970970971
0.6250687809778064	0.28296256310231666	0.09196865591987707	9.80980980980981
0.6161859255421954	0.2889828282963109	0.09483124616149378	9.90990990990991
0.6072463418460133	0.2949995715099285	0.09775408664405823	10.01001001001001
0.5982564002004287	0.3010064888127092	0.10073711098686224	10.11011011011011
0.5892225992799223	0.30699721167665023	0.10378018904342758	10.21021021021021
0.5801515460199216	0.31296532763566703	0.10688312634441145	10.31031031031031
0.5710499407072088	0.31890439481702115	0.11004566447577012	10.41041041041041
0.5619245529501646	0.3248079664914488	0.11326748055838673	10.51051051051051
0.5527821969596052	0.3306696160916165	0.11654818694877846	10.61061061061061
0.5436297148799221	0.3364829532474502	0.11988733187262779	10.710710710710712
0.5344739588858568	0.3422416409775121	0.12328440013663122	10.810810810810812
0.5253217597037558	0.34793942699137576	0.12673881330486847	10.910910910910912
0.5161799087215124	0.3535701605018945	0.1302499307765931	11.011011011011012
0.5070551468887359	0.35912780205548706	0.13381705105577715	11.111111111111112
0.49795413167219493	0.36460645544192927	0.13743941288587583	11.211211211211213
0.48888341777082006	0.37000038543700453	0.14111619679217552	11.311311311311313
0.47984944856093686	0.3753040248514101	0.14484652658765307	11.411411411411413
0.4708585305193259	0.38051199811779945	0.14862947136287474	11.511511511511513
0.46191681147054336	0.3856191409161676	0.15246404761328908	11.611611611611613
0.45303027129237095	0.3906205076264588	0.15634922108117036	11.711711711711713
0.4442047091604159	0.3955113819140123	0.16028390892557187	11.811811811811813
0.43544571967246914	0.400287297630596	0.1642669826969349	11.911911911911913
0.4267586841113949	0.4049440452887815	0.16829727059982366	12.012012012012013
0.41814876617468766	0.4094776744382349	0.17237355938707746	12.112112112112113
0.4096208923344757	0.4138845095967448	0.1764945980687796	12.212212212212213
0.40117974457084027	0.4181611548589532	0.18065910057020654	12.312312312312313
0.39282975827882954	0.42230449416662413	0.18486574755454638	12.412412412412413
0.3845751123910348	0.42631169752197895	0.18911319008698627	12.512512512512513
0.37641972368375454	0.430180223491539	0.19340005282470646	12.612612612612613
0.36836724543743427	0.43390781847541315	0.19772493608715255	12.712712712712714
0.36042106564838094	0.43749251564825725	0.20208641870336178	12.812812812812814
0.3525843049746154	0.44093263320271464	0.20648306182266998	12.912912912912914
0.3448598175555653	0.4442267711771623	0.21091341126727237	13.013013013013014
0.3372501917942056	0.44737380873285626	0.2153759994729381	13.113113113113114
0.3297577545989451	0.4503728958515593	0.2198693495494956	13.213213213213214
0.32238457485260175	0.45322344744339077	0.22439197770400743	13.313313313313314
0.3151324636944644	0.4559251415943001	0.22894239471123543	13.413413413413414
0.3080029850292761	0.4584779052059809	0.2335191097647429	13.513513513513514
0.30099746275518036	0.46088190411370916	0.23812063313111043	13.613613613613614
0.2941169870192415	0.4631375346231212	0.2427454783576373	13.713713713713714
0.2873624100950231	0.46524542745812514	0.24739216244685175	13.813813813813814
0.28073436742314617	0.46720642228201725	0.25205921029483663	13.913913913913914
0.2742332863946381	0.46902155689762365	0.2567451567077383	14.014014014014014
0.2678593934436313	0.4706920584628194	0.26144854809354934	14.114114114114114
0.261612709965922	0.47221934689439526	0.2661679431396828	14.214214214214214
0.2554930773700734	0.473605006693947	0.2709019159359796	14.314314314314315
0.24950016605469422	0.47485077642511986	0.2756490575201859	14.414414414414415
0.24363348288361852	0.47595853987887415	0.28040797723750743	14.514514514514515
0.2378923675460974	0.47693032904805266	0.28517730340585	14.614614614614615
0.23227601876726553	0.4777682957222773	0.28995568551045725	14.714714714714715
0.22678350240624487	0.47847470232444844	0.29474179526930677	14.814814814814815
0.22141375870057362	0.47905191366229677	0.2995343276371297	14.914914914914915
0.2161656004729424	0.4795023979301652	0.3043320015968925	15.015015015015017
0.2110377368997242	0.4798287018411982	0.3091335612590777	15.115115115115117
0.20602878050623596	0.4800334429195598	0.31393777657420435	15.215215215215217
0.20113725387738893	0.4801193020892538	0.3187434440333574	15.315315315315317
0.19636158987417512	0.4800890226688415	0.3235493874569835	15.415415415415417
0.1917001511553597	0.47994539064581576	0.32835445819882464	15.515515515515517
0.18715123606112816	0.47969122835983435	0.3331575355790376	15.615615615615617
0.18271308461261482	0.47932938806726033	0.33795752732012496	15.715715715715717
0.17838388052211587	0.4788627492455834	0.3427533702323008	15.815815815815817
0.17416176565788266	0.4782942045938177	0.34754402974829973	15.915915915915917
0.17004484498425992	0.4776266548790211	0.35232850013671907	16.016016016016017
0.16603119178795875	0.4768630034907174	0.3571058047213239	16.116116116116117
0.1621188508802173	0.4760061527181667	0.361874996401616	16.216216216216218
0.1583058481993513	0.47505899506696336	0.36663515673368535	16.316316316316318
0.15459019495734352	0.47402440906866544	0.37138539597399106	16.416416416416418
0.15096989210079087	0.4729052547736119	0.37612485312559724	16.516516516516518
0.14744293402551525	0.47170436972445423	0.38085269625003054	16.616616616616618
0.14400731406991818	0.47042456462755133	0.38556812130253054	16.716716716716718
0.14066102797522348	0.4690686199863088	0.39027035203846777	16.816816816816818
0.13740207762756354	0.46763928244605646	0.39495863992638014	16.916916916916918
0.13422847467849242	0.466139261076562	0.3996322642449457	17.017017017017018
0.13113824293450577	0.4645712262352605	0.4042905308302338	17.117117117117118
0.12812942118729898	0.46293780694027525	0.4089327718724259	17.217217217217218
0.12520006654904575	0.46124158762315604	0.4135583458277984	17.31731731731732
0.12234825755858696	0.4594851051272683	0.4181666373141449	17.41741741741742
0.119572093753583	0.45767085065451674	0.4227570555919004	17.51751751751752
0.11686969813525426	0.4558012674990523	0.4273290343656936	17.61761761761762
0.11423921843877492	0.4538787503940138	0.4318820311672114	17.71771771771772
0.11167883177116317	0.4519056403511046	0.43641552787773236	17.81781781781782
0.10918674618235137	0.4498842234962269	0.44092903032142183	17.91791791791792
0.10676119683447702	0.4478167369877471	0.445422066177776	18.01801801801802
0.10440044881089809	0.4457053660997867	0.4498941850893153	18.11811811811812
0.10210279751339583	0.44355224444077956	0.4543449580458247	18.21821821821822
0.09986657372930813	0.4413594485218555	0.4587739777488365	18.31831831831832
0.09769014205794103	0.43912900029198565	0.46318085765007344	18.41841841841842
0.09557189796616593	0.43686287129539747	0.46756523073843675	18.51851851851852
0.09351026958803628	0.43456298108955504	0.4719267493224088	18.61861861861862
0.09150371767878272	0.4322311978637592	0.4762650844574582	18.71871871871872
0.08955074072003531	0.42986933301283253	0.48057992626713225	18.81881881881882
0.0876498709279535	0.42747914632752537	0.48487098274452123	18.91891891891892
0.08579967256716918	0.4250623484673639	0.489137978965467	19.01901901901902
0.08399874288037014	0.4226206003536375	0.49338065676599246	19.11911911911912
0.0822457119137922	0.42015551384582356	0.49759877424038446	19.21921921921922
0.08053924676163136	0.4176686473844129	0.501792105853956	19.31931931931932
0.07887804657325272	0.41516151210565366	0.5059604413210937	19.41941941941942
0.0772608420040491	0.41263557289461633	0.5101035851013347	19.51951951951952
0.07568639539537102	0.41009224859421	0.5142213560104192	19.61961961961962
0.07415350063085382	0.4075329125837559	0.5183135867853905	19.71971971971972
0.07266098616700933	0.40495888983859396	0.5223801239943969	19.81981981981982
0.0712077101332932	0.4023714627355354	0.5264208271311716	19.91991991991992
0.06979256041360239	0.39977187134340375	0.5304355682429941	20.02002002002002
0.06841445434294566	0.3971613141254891	0.5344242315315655	20.12012012012012
0.06707233864796516	0.3945409483762055	0.5383867129758296	20.22022022022022
0.06576519121110082	0.3919118886735707	0.5423229201153288	20.32032032032032
0.064492016942464	0.3892752116935112	0.5462327713640251	20.42042042042042
0.06325184805019174	0.3866319562548954	0.5501161956949132	20.52052052052052
0.06204374348378176	0.38398312424749925	0.5539731322687192	20.62062062062062
0.060866788943832184	0.3813296809607602	0.557803530095408	20.72072072072072
0.059720097546312294	0.378672554715136	0.561607347738552	20.82082082082082
0.05860280674467275	0.37601264041098914	0.5653845528443384	20.92092092092092
0.057514078507218874	0.37335079965025697	0.5691351218425245	21.02102102102102
0.05645309867168088	0.3706878617113884	0.572859039616931	21.12112112112112
0.05541907698178346	0.3680246238260468	0.57655629919217	21.22122122122122
0.05441124694501342	0.3653618516272213	0.5802269014277656	21.32132132132132
0.05342886377181891	0.3627002815304176	0.5838708546977638	21.421421421421424
0.052471204344331744	0.36004062105012846	0.58748817460554	21.521521521521525
0.0515375665835686	0.35738354971577435	0.5910788837006574	21.621621621621625
0.0506272694622922	0.354729719360019	0.5946430111776891	21.721721721721725
0.04973965237587524	0.35207975501304384	0.5981805926110813	21.821821821821825
0.04887407389990089	0.3494342563752425	0.601691669724857	21.921921921921925
0.048029911550701306	0.34679379831950946	0.6051762901297896	22.022022022022025
0.047206561222998523	0.34415893169451434	0.6086345070824876	22.122122122122125
0.04640343719239856	0.341530183628071	0.6120663791795308	22.222222222222225
0.04561997123235008	0.33890805859002837	0.615471970177622	22.322322322322325
0.04485561182255553	0.33629303936632626	0.6188513488111186	22.422422422422425
0.04410982382833094	0.3336855876146877	0.6222045885569818	22.522522522522525
0.04338208798561867	0.3310861445796467	0.625531767434735	22.622622622622625
0.042671900529563496	0.3284951316854957	0.6288329677849412	22.722722722722725
0.041978773437239054	0.32591295063931663	0.6321082759234448	22.822822822822825
0.04130223300669177	0.3233399848245685	0.6353577821687402	22.922922922922925
0.04064181963011815	0.3207765997514138	0.6385815806184685	23.023023023023026
0.03999708744294161	0.3182231435941843	0.6417797689628745	23.123123123123126
0.039367603900160524	0.31567994777583064	0.6449524483240092	23.223223223223226
0.038752949472896384	0.3131473275254393	0.6480997230016646	23.323323323323326
0.0381527173023541	0.31062558242314825	0.651221700274498	23.423423423423426
0.03756651261223877	0.308114996949979	0.6543184904377826	23.523523523523526
0.036993952428628143	0.3056158409942485	0.6573902065771237	23.623623623623626
0.036434665218613625	0.3031283703487825	0.6604369644326042	23.723723723723726
0.035888290540420816	0.30065282719731257	0.663458882262267	23.823823823823826
0.03535447874152019	0.2981894407091763	0.6664560805493038	23.923923923923926
0.034832890595323324	0.29573842737659517	0.6694286820280818	24.024024024024026
0.03432319697780663	0.2932999914333036	0.6723768115888902	24.124124124124126
0.03382507856959582	0.2908743253061679	0.6753005961242367	24.224224224224226
0.033338225559374206	0.28846161001910947	0.6782001644215166	24.324324324324326
0.03286233732505006	0.28606201565832773	0.6810756470166225	24.424424424424426
0.03239712206118958	0.2836757019733674	0.6839271759654434	24.524524524524526
0.03194229665839592	0.2813028183904958	0.6867548849511086	24.624624624624627
0.03149758639371241	0.2789435044820355	0.6895589091242524	24.724724724724727
0.031062724671860803	0.27659789032402854	0.692339385004111	24.824824824824827
0.03063745278314295	0.2742660968230457	0.6950964503938117	24.924924924924927
0.030221519535502228	0.27194823627562187	0.6978302441888763	25.025025025025027
0.029814681053030624	0.2696444126274717	0.7005409063194981	25.125125125125127
0.02941670068465552	0.26735472153505846	0.7032285777802864	25.225225225225227
0.02902734871729518	0.26507925078684047	0.7058934004958647	25.325325325325327
0.02864640217022856	0.2628180805796757	0.7085355172500961	25.425425425425427
0.02827364458194901	0.2605712838087931	0.7111550716092583	25.525525525525527
0.027908865600077524	0.2583389266782357	0.7137522077216872	25.625625625625627
0.027551861048764413	0.2561210685390621	0.7163270704121739	25.725725725725727
0.02720243269413627	0.253917762218165	0.7188798050876992	25.825825825825827
0.026860388048885915	0.2517290542850582	0.7214105576660563	25.925925925925927
0.026525540204392763	0.24955498527544737	0.7239194745201603	26.026026026026027
0.02619770754324584	0.24739559009914547	0.7264067023576092	26.126126126126128
0.025876713444374855	0.24525089846004064	0.728872388095585	26.226226226226228
0.025562386527184452	0.24312093444904287	0.7313166790237732	26.326326326326328
0.025254560331894806	0.24100571700356974	0.7337397226645359	26.426426426426428
0.024953073171109553	0.2389052601048305	0.7361416667240605	26.526526526526528
0.024657767995439995	0.2368195729542896	0.7385226590502709	26.626626626626628
0.024368492265083475	0.23474866014176837	0.7408828475931486	26.726726726726728
0.02408509782711186	0.2326925218055763	0.7432223803673123	26.826826826826828
0.023807440764008134	0.2306511538362822	0.7455414053997101	26.926926926926928
0.02353538064241936	0.2286245489789048	0.7478400703786763	27.027027027027028
0.023268781090729974	0.2266126959467032	0.7501185229625673	27.127127127127128
0.02300750970715061	0.224615579537771	0.7523769107550788	27.227227227227228
0.022751437763272944	0.2226331810584951	0.7546153811782325	27.32732732732733
0.022500440082265767	0.2206654784863339	0.7568340814314009	27.42742742742743
0.02225439491848866	0.2187124466312321	0.7590331584502797	27.52752752752753
0.02201318383817391	0.21677405729622143	0.7612127588656051	27.62762762762763
0.021776691600827337	0.2148502794377551	0.7633730289614181	27.72772772772773
0.02154480628659771	0.21294107890436798	0.7655141148090349	27.82782782782783
0.021317419444417944	0.21104641814051603	0.7676361624150665	27.92792792792793
0.02109442524140171	0.20916625760715168	0.7697393171514472	28.02802802802803
0.020875720693160398	0.207300555345959	0.7718237239608812	28.12812812812813
0.020661205581552468	0.2054492670813171	0.7738895273371309	28.22822822822823
0.02045078235894368	0.2036123463461007	0.7759368712949561	28.32832832832833
0.020244356053053924	0.2017897446070832	0.7779658993398634	28.42842842842843
0.02004183417213354	0.19998141139033299	0.779976754437534	28.52852852852853
0.019843126646298902	0.1981872943492833	0.7819695790044183	28.62862862862863
0.01964814638755761	0.19640733834388036	0.7839445152685626	28.72872872872873
0.019456808487678848	0.19464148669852924	0.7859017048137924	28.82882882882883
0.01926903011782706	0.1928896813382264	0.7878412885439471	28.92892892892893
0.019084730632842797	0.19115186259783892	0.7897634067693188	29.02902902902903
0.018903831501902536	0.18942796930943173	0.7916681991886663	29.12912912912913
0.0187262562403551	0.1877179388880881	0.7935558048715573	29.22922922922923
0.018551930342585534	0.18602170741644072	0.7954263622409743	29.32932932932933
0.018380781215757352	0.18433920972813164	0.7972800090561115	29.42942942942943
0.01821273823751839	0.1826703793080539	0.7991168824544282	29.52952952952953
0.018047732820204686	0.18101514818320022	0.8009371189965956	29.62962962962963
0.017885697984903668	0.17937344753904855	0.8027408544760484	29.72972972972973
0.01772656847077773	0.1777452075440779	0.8045282239851449	29.82982982982983
0.017570280689530718	0.17613035740365757	0.8062993619068123	29.929929929929934
0.01741677267413195	0.17452882542264475	0.8080544019032239	30.030030030030034
0.01726598402852214	0.17294053906673668	0.8097934769047417	30.130130130130134
0.01711785587819805	0.17136542502272759	0.8115167190990749	30.230230230230234
0.016972330830478836	0.1698034092427307	0.813224259926791	30.330330330330334
0.016829353083642574	0.16825441673653083	0.8149162301798272	30.430430430430434
0.016688868208738397	0.1667183719188004	0.8165927598724617	30.530530530530534
0.016550823103135992	0.16519519866565496	0.8182539782312096	30.630630630630634
0.01641516599172129	0.16368482029075468	0.8199000137175245	30.730730730730734
0.016281846387511574	0.16218715959039948	0.8215309940220895	30.830830830830834
0.016150815053060166	0.16070213888750362	0.8231470460594368	30.930930930930934
0.016022023962573243	0.1592296800745566	0.8247482959628707	31.031031031031034
0.015895426264661318	0.15776970465567558	0.8263348690796637	31.131131131131134
0.015770976293774778	0.15632213373178575	0.82790688997444	31.231231231231234
0.015648629582698876	0.15488688798442937	0.8294644824328723	31.331331331331334
0.015528342687880762	0.15346388787751597	0.8310077694346037	31.431431431431434
0.015410073221013539	0.15205305361866572	0.8325368731603212	31.531531531531535
0.015293779820863718	0.15065430519008385	0.834051914989053	31.631631631631635
0.015179422123164402	0.14926756238161537	0.8355530154952208	31.731731731731735
0.015066960731044018	0.1478927448231185	0.8370402944458379	31.831831831831835
0.014956357185930772	0.14652977201624282	0.8385138707978269	31.931931931931935
0.014847573944294177	0.14517856335772886	0.8399738626979775	32.032032032032035
0.01474057444228917	0.14383903803360906	0.8414203875241023	32.132132132132135
0.014635322965921092	0.14251111519934806	0.8428535618347314	32.232232232232235
0.014531784624428468	0.14119471400836942	0.8442735013672027	32.332332332332335
0.014429925350632356	0.1398897536010388	0.8456803210483294	32.432432432432435
0.014329711877537106	0.13859615312864254	0.8470741349938209	32.532532532532535
0.0142311117153633	0.13731383177681813	0.848455056507819	32.632632632632635
0.014134093128968437	0.1360427087885001	0.849823198082532	32.732732732732735
0.01403862511561081	0.13478270348644394	0.8511786713979458	32.832832832832835
0.013944677425309292	0.13353373523326648	0.8525215873414247	32.932932932932935
0.013852220573081227	0.13229572340349333	0.853852056023426	33.033033033033036
0.013761225694017581	0.13106858758651863	0.8551701867194643	33.133133133133136
0.013671664582746943	0.1298522475188122	0.8564760878984414	33.233233233233236
0.01358350967657226	0.12864662309893	0.8577698672244982	33.333333333333336
0.013496734036677543	0.12745163440542798	0.859051631557895	33.433433433433436
0.013411311329540496	0.12626720171453987	0.8603214869559201	33.533533533533536
0.013327215808512486	0.12509324551767348	0.8615795386738145	33.633633633633636
0.013244422295527167	0.12392968653878005	0.8628258911656933	33.733733733733736
0.013162906162899163	0.12277644575165074	0.8640606480854506	33.833833833833836
0.013082643341827047	0.12163344435914135	0.8652839122990321	33.933933933933936
0.013003610491576945	0.12050060354303924	0.8664957859653843	34.034034034034036
0.012925784697733856	0.11937784488635944	0.8676963704159072	34.134134134134136
0.01284914352077943	0.11826509029551427	0.8688857661837068	34.234234234234236
0.0127736650169361	0.11716226196213195	0.8700640730209325	34.334334334334336
0.012699327724501481	0.11606928237419858	0.8712313899013004	34.434434434434436
0.012626110650368928	0.11498607432698556	0.8723878150226461	34.53453453453454
0.012553993256708118	0.11391256093379873	0.8735334458094937	34.63463463463464
0.01248295544777952	0.11284866563658634	0.8746683789156346	34.73473473473474
0.01241297755685661	0.11179431221644218	0.8757927102267017	34.83483483483484
0.012344040333853463	0.11074942480318871	0.8769065348629583	34.93493493493494
0.012276125027845829	0.10971392775543229	0.8780099472167224	35.03503503503504
0.012209213303389678	0.10868774576760462	0.8791030409290062	35.13513513513514
0.012143287169037896	0.10767080396039473	0.8801859088705679	35.23523523523524
0.012078329017391792	0.10666302781893247	0.8812586431636762	35.33533533533534
0.012014321614777114	0.10566434319980524	0.8823213351854181	35.43543543543544
0.011951248091050394	0.10467467633794572	0.8833740755710043	35.53553553553554
0.011889091929516543	0.10369395385341766	0.8844169542170663	35.63563563563564
0.011827836956938701	0.10272210275812636	0.8854500602849354	35.73573573573574
0.01176746733362124	0.1017590504624811	0.8864734822038982	35.83583583583584
0.011707967543546924	0.1008047247820363	0.8874873076744173	35.93593593593594
0.011649322420880515	0.09985905389187587	0.8884916236872442	36.03603603603604
0.011591517190642681	0.09892196626066956	0.8894865165486884	36.13613613613614
0.011534537322939851	0.09799339085298313	0.8904720718240776	36.23623623623624
0.011478368584337775	0.09707325704805339	0.8914483743676094	36.33633633633634
0.011422997034127538	0.0961614946378895	0.8924155083279836	36.43643643643644
0.011368409016759277	0.09525803383094084	0.8933735571523005	36.53653653653654
0.011314591154375442	0.09436280525567525	0.8943226035899499	36.63663663663664
0.011261530339430616	0.0934757399640858	0.8952627296964841	36.73673673673674
0.011209213727384855	0.09259676943514435	0.8961940168374714	36.83683683683684
0.011157628729457547	0.09172582557822011	0.8971165456923229	36.93693693693694
0.01110676301111287	0.09086284072822198	0.8980303962606657	37.03703703703704
0.011056604541995202	0.09000774756602897	0.8989356478919763	37.13713713713714
0.011007141509941849	0.08916047923648514	0.8998323792535735	37.23723723723724
0.010958362326535279	0.08832096933342617	0.900720668340039	37.33733733733734
0.010910255633992842	0.08748915188281227	0.9016005924831955	37.43743743743744
0.010862810299423441	0.08666496134426745	0.9024722283563097	37.53753753753754
0.010816015409161672	0.08584833261255506	0.9033356519782838	37.63763763763764
0.0107698602631701	0.085039201019002	0.9041909387178284	37.73773773773774
0.010724334369500354	0.08423750233288471	0.9050381632976154	37.83783783783784
0.010679427438803742	0.08344317276278984	0.905877399798407	37.93793793793794
0.010635129378903018	0.08265614895793495	0.9067087216631625	38.03803803803804
0.010591430322304946	0.08187636796626598	0.9075322017114296	38.13813813813814
0.010548320603876681	0.08110376725805074	0.9083479121380731	38.23823823823824
0.010505790723959964	0.0803382847686409	0.9091559245073996	38.33833833833834
0.010463831365952359	0.07957985886974	0.9099563097643081	38.43843843843844
0.010422433391930977	0.07882842836955421	0.9107491382385152	38.53853853853854
0.010381587838338936	0.07808393251290476	0.9115344796487568	38.63863863863864
0.010341285911728	0.07734631098131167	0.9123124031069608	38.73873873873874
0.010301518984550739	0.07661550389305816	0.9130829771223916	38.83883883883884
0.010262278590995644	0.07589145180324465	0.9138462696057602	38.93893893893894
0.01022355642285858	0.07517409570384223	0.9146023478732996	39.03903903903904
0.010185344334760218	0.07446337700920373	0.9153512786560366	39.13913913913914
0.010147634359903974	0.07375923752516592	0.9160931281149306	39.23923923923924
0.010110418661851214	0.0730616195181377	0.9168279618200116	39.33933933933934
0.01007368954853324	0.07237046568703437	0.917555844764433	39.43943943943944
0.010037439470793613	0.07168571915942452	0.9182768413697824	39.53953953953954
0.010001661019074886	0.07100732349062536	0.9189910154903003	39.63963963963964
0.009966346920151031	0.07033522266277552	0.919698430417074	39.73973973973974
0.00993149003390085	0.0696693610838923	0.9203991488822074	39.83983983983984
0.009897083350117648	0.06900968358691918	0.9210932330629638	39.93993993993994
0.009863119985350416	0.06835613542877036	0.9217807445858798	40.04004004004004
0.009829593181155633	0.06770866228753977	0.9224617445313051	40.14014014014014
0.009796496321585933	0.06706721023418727	0.9231362934442273	40.24024024024024
0.009763822904269245	0.06643172576593287	0.9238044513297984	40.34034034034034
0.009731566538971528	0.06580215580317014	0.9244662776578588	40.44044044044044
0.009699720950509541	0.0651784476806387	0.9251218313688523	40.54054054054054
0.009668279976185253	0.06456054914591589	0.9257711708778994	40.64064064064064
0.009637237563257278	0.06394840835789876	0.9264143540788444	40.74074074074074
0.009606587766445953	0.06334197388528144	0.9270514383482731	40.84084084084084
0.009576324745468648	0.06274119470503185	0.9276824805495	40.94094094094094
0.009546442762601878	0.06214602020087311	0.9283075370365255	41.04104104104104
0.009516936180266864	0.061556400161773786	0.9289266636579598	41.14114114114114
0.009487799475588506	0.060972284755405524	0.9295399157690066	41.24124124124124
0.009459027231337716	0.06039362453653389	0.930147348232129	41.34134134134134
0.00943061410937891	0.05982037048129776	0.930749015409324	41.44144144144144
0.009402554864375325	0.059252473962055546	0.9313449711735697	41.54154154154154
0.009374844341679017	0.05868988674563798	0.9319352689126836	41.64164164164164
0.009347477475212588	0.058132560991654446	0.9325199615331335	41.74174174174174
0.009320449285363078	0.057580449250822265	0.9330991014638153	41.84184184184184
0.00929375487688495	0.057033504463323066	0.9336727406597926	41.94194194194194
0.00926738943680905	0.056491679957190455	0.9342409306060011	42.04204204204204
0.00924134823235449	0.055954929446733186	0.9348037223209129	42.14214214214214
0.009215626608840326	0.05542320703099793	0.9353611663601623	42.24224224224224
0.009190219987593968	0.05489646719227594	0.9359133128201307	42.34234234234234
0.009165123863853201	0.054374664794657725	0.9364602113414897	42.44244244244244
0.009140333804658774	0.05385775508263986	0.937001911112702	42.54254254254254
0.00911584546040923	0.05334569365961294	0.9375384608799785	42.64264264264264
0.009091654633118739	0.052838436382729705	0.9380699089841522	42.74274274274275
0.009067757145093287	0.05233593955226509	0.9385963033026423	42.84284284284285
0.009044148875579626	0.051838159853192456	0.9391176912712286	42.94294294294295
0.00902082577217987	0.05134505433402624	0.9396341198937945	43.04304304304305
0.00899778384933431	0.0508565804047794	0.9401456357458869	43.14314314314315
0.008975019186813146	0.05037269583494337	0.9406522849782442	43.24324324324325
0.008952527928215024	0.04989335875149313	0.9411541133202925	43.34334334334335
0.008930306279470309	0.049418527636920145	0.9416511660836102	43.44344344344345
0.008908350507347009	0.04894816132729586	0.9421434881653578	43.54354354354355
0.008886656937957264	0.048482219010368345	0.942631124051675	43.64364364364365
0.008865221955262322	0.048020660223694986	0.9431141178210434	43.74374374374375
0.00884404199957392	0.047563444852813656	0.943592513147613	43.84384384384385
0.008823113566049983	0.04711053312945531	0.9440663533044954	43.94394394394395
0.008802433203206438	0.046661885629767516	0.9445356811670267	44.04404404404405
0.008781997555068317	0.04621746321230083	0.9450005392326315	44.14414414414415
0.008761803330162446	0.04577722705706727	0.9454609696127709	44.24424424424425
0.008741847258139982	0.04534113872171609	0.9459170140201446	44.34434434434435
0.008722126120752759	0.04490916009505176	0.9463687137841962	44.44444444444445
0.008702636750758658	0.04448125339487769	0.9468161098543644	44.54454454454455
0.008683376030834524	0.044057381165861664	0.9472592428033045	44.64464464464465
0.00866434089249521	0.04363750627742484	0.9476981528300806	44.74474474474475
0.008645528315017406	0.04322159192165597	0.9481328797633273	44.84484484484485
0.008626935324366885	0.04280960161125253	0.9485634630643812	44.94494494494495
0.008608558992127742	0.042401499177490504	0.9489899418303824	45.04504504504505
0.008590396434432325	0.04199724876822457	0.9494123547973438	45.14514514514515
0.008572444810890426	0.0415968148459203	0.9498307403431899	45.24524524524525
0.008554701323516385	0.04120016218572024	0.950245136490764	45.34534534534535
0.008537163215652722	0.040807255873545424	0.9506555809108025	45.44544544544545
0.008519827779286733	0.040418061292196605	0.9510621109285173	45.54554554554555
0.008502692384761777	0.04003254407538471	0.9514647635398542	45.64564564564565
0.008485754416926517	0.0396506701959041	0.95186357538717	45.74574574574575
0.008469011296015766	0.03927240593238003	0.9522585827716049	45.84584584584585
0.008452460481653478	0.038897717860238185	0.952649821658109	45.94594594594595
0.008436099472069561	0.0385265728495639	0.9530373276783672	46.04604604604605
0.008419925803322816	0.03815893806298132	0.9534211361336965	46.14614614614615
0.008403937048529127	0.03779478095355349	0.953801281997918	46.24624624624625
0.008388130817094008	0.03743406926270457	0.9541777999202021	46.34634634634635
0.008372504753948625	0.03707677101816489	0.9545507242278871	46.44644644644645
0.008357056538788394	0.036722854531940206	0.954920088929272	46.54654654654655
0.00834178388531327	0.03637228839830592	0.9552859277163815	46.64664664664665
0.008326684540468834	0.03602504149182742	0.9556482739677045	46.74674674674675
0.008311756283687292	0.0356810829654075	0.9560071607509059	46.84684684684685
0.008296996926247524	0.03534038224818216	0.956362620825571	46.94694694694695
0.008282404330182598	0.03500290901416715	0.956714686655651	47.04704704704705
0.008267976390016932	0.034668633206599374	0.9570633904033844	47.14714714714715
0.008253711020010372	0.03433752505405635	0.957408763925934	47.24724724724725
0.008239606165108007	0.034009555051098005	0.9577508387837946	47.34734734734735
0.008225659800361619	0.03368469395619901	0.9580896462434401	47.44744744744745
0.008211869930356176	0.0333629127896985	0.958425217279946	47.54754754754755
0.008198234588640756	0.03304418283176752	0.9587575825795924	47.64764764764765
0.008184751837163322	0.03272847562039493	0.9590867725424425	47.74774774774775
0.008171419765708706	0.0324157629493923	0.9594128172848997	47.84784784784785
0.008158236491339262	0.03210601686641839	0.959735746642243	47.94794794794795
0.008145200157837526	0.0317992096710238	0.9600555901711394	48.04804804804805
0.008132308935150332	0.03149531391271643	0.9603723771521339	48.14814814814815
0.008119561018833741	0.031194302389048186	0.9606861365921188	48.24824824824825
0.00810695462949822	0.030896148143723746	0.9609968972267787	48.34834834834835
0.00809448801649864	0.030600824459992484	0.9613046875235096	48.44844844844845
0.008082159468295031	0.030308304846615404	0.9616095356850902	48.54854854854855
0.008069967286642183	0.030018563064234796	0.9619114696491237	48.64864864864865
0.008057909795993506	0.029731573112453218	0.9622105170915539	48.74874874874875
0.008045985344509626	0.02944730922630658	0.9625067054291845	48.84884884884885
0.00803419230363178	0.02916574587436114	0.9628000618220077	48.94894894894895
0.008022529067659025	0.02888685775682788	0.9630906131755138	49.04904904904905
0.00801099405332889	0.028610619803694566	0.9633783861429772	49.14914914914915
0.007999585699401048	0.02833700717287588	0.9636634071277238	49.24924924924925
0.007988302466243602	0.028065995248382023	0.963945702285375	49.34934934934935
0.007977142835421584	0.027797559638506112	0.964225297526073	49.44944944944945
0.007966105309287276	0.02753167617403076	0.9645022185166826	49.54954954954955
0.007955188410571919	0.02726832090645421	0.9647764906829746	49.64964964964965
0.007944390681978428	0.027007470106236397	0.9650481392117859	49.74974974974975
0.007933710685929917	0.026749100260829044	0.9653171890532417	49.84984984984985
0.007923147013369054	0.026493188058950633	0.9655836649276809	49.94994994994995
0.007912698273585284	0.02623971040375913	0.9658475913226562	50.050050050050054
0.00790236309062135	0.02598864441603103	0.9661089924933483	50.150150150150154
0.007892140107347281	0.02573996742569004	0.9663678924669633	50.250250250250254
0.007882027985138223	0.025493656970047063	0.9666243150448154	50.350350350350354
0.007872025403555421	0.02524969079205507	0.9668782838043901	50.450450450450454
0.007862131060030055	0.025008046838579105	0.9671298221013914	50.550550550550554
0.007852343669549674	0.024768703258681583	0.9673789530717694	50.650650650650654
0.007842661964346926	0.024531638401923003	0.9676256996337307	50.750750750750754
0.00783308469359033	0.024296830816678355	0.9678700844897319	50.850850850850854
0.007823610623076785	0.024064259248469277	0.9681121301284545	50.950950950950954
0.007814238534925572	0.02383390263831224	0.9683518588267628	51.051051051051054
0.007804967227273535	0.02360574012108289	0.9685892926516442	51.151151151151154
0.007795795513971192	0.02337975102389671	0.9688244534621328	51.251251251251254
0.007786722222923095	0.023155914863538067	0.9690573629135395	51.351351351351354
0.0077777462156442346	0.022934211333790137	0.9692880424505663	51.451451451451454
