0.9	0.1	0.0	0.0
0.895461761508818	0.10201060921980314	0.0025276292713787823	0.1001001001001001
0.8908563751316815	0.10403784986388963	0.005105775004428806	0.2002002002002002
0.8861844031609203	0.10608074748414227	0.007734849354937387	0.3003003003003003
0.8814464816007253	0.10813828203172808	0.010415236367546613	0.4004004004004004
0.8766433136279643	0.11020940309426827	0.013147283277767425	0.5005005005005005
0.871775659954836	0.11229301777593302	0.015931322269231087	0.6006006006006006
0.8668443812710173	0.11438797122488814	0.018767647504094674	0.7007007007007008
0.8618503986391113	0.11649307240381013	0.021656528957078685	0.8008008008008008
0.8567947130709269	0.11860708110360783	0.024598205825465323	0.9009009009009009
0.8516783931406078	0.12072872114427735	0.027592885715115013	1.001001001001001
0.8465025975601059	0.12285666222803554	0.03064074021185869	1.1011011011011012
0.8412685488882278	0.12498954177785676	0.033741909333915666	1.2012012012012012
0.8359775379574498	0.12712596120538194	0.03689650083716838	1.3013013013013013
0.8306309329925964	0.12926448084916106	0.04010458615824266	1.4014014014014016
0.8252301725470045	0.13140362910139256	0.043366198351603075	1.5015015015015016
0.8197767677883837	0.13354189646403836	0.046681335747578094	1.6016016016016017
0.8142722952178534	0.13567774911693753	0.05004995566520924	1.7017017017017018
0.8087184027446743	0.13780961801517536	0.053471979240150465	1.8018018018018018
0.8031168005495204	0.13993591272246206	0.05694728672801771	1.9019019019019021
0.7974692628470318	0.14205501887704353	0.06047571827592483	2.002002002002002
0.7917776281202047	0.14416529817659202	0.06405707370320347	2.1021021021021022
0.7860437913713669	0.14626509646123229	0.06769111216740095	2.2022022022022023
0.7802697026752413	0.14835274667505696	0.07137755064970187	2.3023023023023024
0.7744573663806666	0.15042657136056853	0.07511606225876502	2.4024024024024024
0.7686088374483367	0.15248488255069997	0.0789062800009635	2.5025025025025025
0.7627262187862687	0.15452598561261693	0.08274779560111452	2.6026026026026026
0.756811658574702	0.1565481847889598	0.08664015663633837	2.702702702702703
0.7508673447834365	0.1585497862761048	0.09058286894045885	2.802802802802803
0.744895502175897	0.16052910143427426	0.0945753963898289	2.902902902902903
0.7388983911244377	0.1624844492365715	0.0986171596389909	3.0030030030030033
0.7328783011871546	0.16441416080005503	0.10270753801279053	3.1031031031031033
0.7268375472911957	0.16631658290657628	0.10684586980222813	3.2032032032032034
0.7207784682942019	0.16819008063957086	0.11103145106622726	3.3033033033033035
0.7147034210149742	0.1700330413042079	0.11526353768081796	3.4034034034034035
0.7086147759245284	0.17184387793233105	0.11954134614314063	3.5035035035035036
0.7025149149747741	0.17362103254020797	0.1238640524850179	3.6036036036036037
0.6964062261150178	0.17536297902499828	0.12823079485998395	3.7037037037037037
0.6902910990653702	0.17706822636277966	0.13264067457185022	3.8038038038038042
0.6841719227573918	0.178735322848809	0.13709275439379928	3.9039039039039043
0.6780510808051589	0.1803628590962873	0.14158606009855393	4.004004004004004
0.6719309466452712	0.18194946842578927	0.14611958492893962	4.104104104104104
0.6658138797028769	0.18349383056598376	0.15069228973113943	4.2042042042042045
0.6597022221056406	0.18499467712354764	0.15530310077081186	4.3043043043043046
0.6535982943507439	0.18645079340182344	0.15995091224743266	4.404404404404405
0.647504393494483	0.18786101559574528	0.16463459090977178	4.504504504504505
0.641422788207073	0.18922423642785466	0.16935297536507238	4.604604604604605
0.6353557139884848	0.19053941035070587	0.17410487566080932	4.704704704704705
0.6293053701855964	0.1918055541643641	0.17888907565003953	4.804804804804805
0.6232739213875511	0.19302174102849207	0.18370433758395682	4.904904904904905
0.6172634901806798	0.19418710876131323	0.18854940105800694	5.005005005005005
0.6112761527194142	0.1953008634823608	0.1934229837982251	5.105105105105105
0.6053139369971696	0.19636227902884998	0.1983237839739804	5.205205205205205
0.5993788273103409	0.19737068852514422	0.2032504841645149	5.305305305305305
0.5934727542052991	0.19832549515293219	0.2082017506417687	5.405405405405406
0.5875975915586121	0.19922617348674485	0.21317623495464302	5.505505505505506
0.5817551562015201	0.20007226770748632	0.2181725760909936	5.605605605605606
0.5759472145109474	0.20086338195595085	0.2231894035331018	5.705705705705706
0.5701754700537046	0.2015991925783842	0.22822533736791117	5.805805805805806
0.5644415627662193	0.20227944704334705	0.23327899019043374	5.9059059059059065
0.5587470700043519	0.20290396097834582	0.23834896901730238	6.0060060060060065
0.5530935139508475	0.2034726087122678	0.2434338773368848	6.106106106106107
0.5474823481601441	0.20398533549536807	0.2485323163444879	6.206206206206207
0.5419149588165038	0.20444215443122113	0.2536428867522752	6.306306306306307
0.5363926672386983	0.20484314244869367	0.25876419031260817	6.406406406406407
0.5309167367028168	0.20518843226929814	0.2638948310278852	6.506506506506507
0.5254883594855713	0.205478223011104	0.26903341750332477	6.606606606606607
0.5201086597008371	0.2057127759120153	0.27417856438714777	6.706706706706707
0.51477869718305	0.20589240948357948	0.2793288933333706	6.806806806806807
0.5094994725765497	0.2060174936750593	0.2844830337483911	6.906906906906907
0.5042719164365437	0.2060884575999614	0.2896396259634951	7.007007007007007
0.49909689288663167	0.2061057849146763	0.2947973221986922	7.107107107107107
0.4939752046588094	0.20607000855704485	0.2999547867841459	7.207207207207207
0.4889075957940425	0.2059817072405512	0.30511069696540644	7.307307307307307
0.483894743954887	0.20584150968668555	0.3102637463584276	7.407407407407407
0.47893726413740295	0.20565009036705098	0.3154126454955462	7.507507507507508
0.4740357144369422	0.20540816440424153	0.32055612115881643	7.6076076076076085
0.4691905964179468	0.2051164858045442	0.32569291777750914	7.7077077077077085
0.4644023510389735	0.20477584843373248	0.3308218005272942	7.807807807807809
0.4596713619289073	0.20438708246932002	0.3359415556017728	7.907907907907909
0.4549979610783096	0.20395105021451054	0.34105098870718	8.008008008008009
0.45038242797472766	0.20346864478863616	0.3461489272366363	8.108108108108109
0.4458249883619828	0.20294078898257692	0.3512342226554404	8.208208208208209
0.4413258170735323	0.20236843236970792	0.35630575055675995	8.308308308308309
0.4368850429382306	0.20175254853691055	0.36136240852485896	8.408408408408409
0.4325027477989844	0.2010941331888154	0.36640311901220035	8.508508508508509
0.42817896710890413	0.20039420201805566	0.3714268308730404	8.608608608608609
0.42391369237637233	0.19965378840708148	0.37643251921654636	8.70870870870871
0.4197068748817513	0.19887394219557974	0.3814191829226691	8.80880880880881
0.4155584253934055	0.1980557266188458	0.3863858479877489	8.90890890890891
0.4114682156992715	0.1972002160761937	0.3913315682245349	9.00900900900901
0.4074360806866816	0.19630849440315895	0.3962554249101596	9.10910910910911
0.40346182078925186	0.19538165495683857	0.4011565242539097	9.20920920920921
0.39954520282772166	0.19442079628013423	0.40603400089214425	9.30930930930931
0.3956859617833016	0.19342702033298578	0.41088701788371274	9.40940940940941
0.39188380248071175	0.1924014314536809	0.4157147660656074	9.50950950950951
0.3881384009028432	0.19134513755808324	0.4205164615390737	9.60960960960961
0.38444940631408203	0.19025924406907208	0.42529134961684606	9.70970970970971
0.38081644280259974	0.18914485306941495	0.4300387041279855	9.80980980980981
0.3772391108606675	0.18800306186006213	0.4347578272792705	9.90990990990991
0.3737169874507537	0.18683496650728793	0.43944804604195853	10.01001001001001
0.3702496286322478	0.18564165667010643	0.4441087146976459	10.11011011011011
0.36683657165200567	0.18442421225354327	0.4487392160944512	10.21021021021021
0.36347733608594995	0.18318370329335532	0.4533389606206949	10.31031031031031
0.360171424097226	0.18192119111962252	0.4579073847831517	10.41041041041041
0.3569183205665972	0.18063772978708842	0.4624439496463146	10.51051051051051
0.3537174976312038	0.17933435830130562	0.46694814406749074	10.61061061061061
0.35056841490185675	0.17801210186754227	0.4714194832306012	10.710710710710712
0.34747052040955007	0.1766719714611513	0.47585750812929883	10.810810810810812
0.3444232486532955	0.17531496843916738	0.48026178290753735	10.910910910910912
0.34142602559712903	0.17394207703926332	0.4846318973636079	11.011011011011012
0.3384782694349397	0.17255426425553427	0.48896746630952626	11.111111111111112
0.3355793914136997	0.17115247960782992	0.49326812897847055	11.211211211211213
0.33272879410784045	0.16973765867344728	0.49753354721871246	11.311311311311313
0.32992587358713243	0.16831072072485362	0.5017634056880141	11.411411411411413
0.3271700225691398	0.16687256487696425	0.5059574125538961	11.511511511511513
0.32446063032291583	0.1654240711523784	0.5101152985247059	11.611611611611613
0.32179708238866955	0.16396610161203048	0.5142368159993003	11.711711711711713
0.3191787595821566	0.16249950245662834	0.5183217379612154	11.811811811811813
0.3166050420453097	0.16102509927922926	0.5223698586754614	11.911911911911913
0.31407530984783905	0.15954369699891133	0.5263809931532499	12.012012012012013
0.3115889430356926	0.15805608051488973	0.530354976449418	12.112112112112113
0.30914531932485795	0.1565630181686168	0.5342916625065255	12.212212212212213
0.30674381768694986	0.15506525797187745	0.538190924341173	12.312312312312313
0.3043838190191763	0.15356352742267657	0.5420526535581474	12.412412412412413
0.3020647060685578	0.15205853424276017	0.5458767596886823	12.512512512512513
0.2997858638473627	0.15055096647364433	0.5496631696789933	12.612612612612613
0.29754667978900295	0.14904149240725667	0.5534118278037408	12.712712712712714
0.2953465442207994	0.14753076112160976	0.5571226946575911	12.812812812812814
0.2931848505706166	0.14601940284227746	0.5607957465871063	12.912912912912914
0.29106099546932723	0.1445080293461504	0.5644309751845227	13.013013013013014
0.28897437915258545	0.14299723400987766	0.5680283868375374	13.113113113113114
0.2869244091577715	0.14148758703561856	0.5715880038066105	13.213213213213214
0.2849104969642055	0.1399796409565904	0.5751098620792046	13.313313313313314
0.282932058321984	0.1384739307459169	0.5785940109320996	13.413413413413414
0.28098851398102526	0.1369709733262739	0.5820405126927014	13.513513513513514
0.27907928996683684	0.13547126773691975	0.5854494422962438	13.613613613613614
0.27720381928889953	0.13397529329738472	0.5888208874137163	13.713713713713714
0.27536154046814393	0.13248351217872967	0.5921549473531269	13.813813813813814
0.2735518977917166	0.1309963695619903	0.5954517326462936	13.913913913913914
0.2717743416676938	0.12951429364514486	0.5987113646871618	14.014014014014014
0.2700283287836803	0.12803769589715425	0.6019339753191659	14.114114114114114
0.2683133227965184	0.12656697045905593	0.6051197067444262	14.214214214214214
0.2666287937735898	0.12510249549180627	0.6082687107346044	14.314314314314315
0.2649742183239829	0.12364463342140773	0.6113811482546099	14.414414414414415
0.2633490797318292	0.12219373116326826	0.6144571891049031	14.514514514514515
0.26175286804471	0.12075012040892492	0.6174970115463656	14.614614614614615
0.26018508058205486	0.11931411729879543	0.6205008021191503	14.714714714714715
0.2586452214274182	0.1178860235313277	0.6234687550412547	14.814814814814815
0.2571328015047679	0.11646612662400194	0.6264010718712306	14.914914914914915
0.25564733863697303	0.11505470018540705	0.6292979611776205	15.015015015015017
0.25418835758990704	0.11365200421465618	0.6321596381954374	15.115115115115117
0.25275539052452967	0.11225828493804799	0.634986324537423	15.215215215215217
0.2513479764446815	0.11087377575325583	0.6377782478020633	15.315315315315317
0.2499656612492203	0.10949869749242858	0.6405356412583517	15.415415415415417
0.2486079977518921	0.10813325871203902	0.6432587435360695	15.515515515515517
0.24727454570546156	0.1067776559675186	0.6459477983270203	15.615615615615617
0.2459648722014603	0.10543207365421894	0.6486030541443213	15.715715715715717
0.2446785510012627	0.10409668504627546	0.6512247639524624	15.815815815815817
0.24341516259940124	0.10277165249893329	0.653813184901666	15.915915915915917
0.2421742942090792	0.10145712772941648	0.6563685780615048	16.016016016016017
0.24095553967680894	0.1001532521685149	0.6588912081546767	16.116116116116117
0.23975849943949057	0.098860157258622	0.661381343301888	16.216216216216218
0.23858278136916639	0.09757796380310323	0.6638392548277309	16.316316316316318
0.23742799976430243	0.09630678326992487	0.6662652169657732	16.416416416416418
0.2362937751949056	0.09504671818245032	0.6686595066226446	16.516516516516518
0.2351797346406388	0.09379786219134274	0.671022403168019	16.616616616616618
0.2340855113979486	0.09256030038248358	0.6733541882195684	16.716716716716718
0.23301074498444674	0.09133410958021237	0.6756551454353413	16.816816816816818
0.23195508158197847	0.09011935820599185	0.6779255602120302	16.916916916916918
0.23091817365639924	0.0889161067990578	0.6801657195445434	17.017017017017018
0.22989967951380236	0.08772440858178938	0.6823759119044087	17.117117117117118
0.22889926344801342	0.08654430953778618	0.6845564270142008	17.217217217217218
0.2279165956438717	0.08537584868144886	0.6867075556746799	17.31731731731732
0.22695135207613493	0.0842190583242054	0.6888295895996601	17.41741741741742
0.22600321468978374	0.08307396414057408	0.6909228211696427	17.51751751751752
0.2250718714174115	0.08194058534005368	0.6929875432425353	17.61761761761762
0.22415701554965456	0.08081893527819355	0.6950240491721523	17.71771771771772
0.22325834589588234	0.07970902151705833	0.6970326325870598	17.81781781781782
0.2223755666922552	0.07861084605330695	0.6990135872544383	17.91791791791792
0.22150838750490226	0.07752440554326344	0.7009672069518348	18.01801801801802
0.2206565232436059	0.07644969147543447	0.7028937852809601	18.11811811811812
0.2198196943056435	0.0753866902821454	0.7047936154122116	18.21821821821822
0.21899762603621867	0.07433538373508171	0.7066669902287	18.31831831831832
0.21819004880091122	0.0732957490757383	0.7085142021233509	18.41841841841842
0.21739669791099142	0.07226775920250302	0.710335542886506	18.51851851851852
0.21661731353228703	0.07125138285898926	0.7121313036087242	18.61861861861862
0.2158516406325515	0.070246584814388	0.713901774553061	18.71871871871872
0.21509942911895097	0.06925332602534888	0.7156472448557006	18.81881881881882
0.21436043344463895	0.06827156382927713	0.7173680027260844	18.91891891891892
0.2136344125926007	0.06730125210621098	0.7190643353011889	19.01901901901902
0.21292113002120458	0.06634234143803171	0.7207365285407642	19.11911911911912
0.21222035358041202	0.06539477926438671	0.7223848671552018	19.21921921921922
0.21153185543659614	0.0644585100367165	0.7240096345266879	19.31931931931932
0.21085541213717707	0.0635334754209938	0.7256111124418296	19.41941941941942
0.21019080438397644	0.0626196143828941	0.7271895812331299	19.51951951951952
0.20953781694728774	0.06171686332202535	0.7287453197306875	19.61961961961962
0.20889623862317983	0.06082515621761648	0.7302786051592042	19.71971971971972
0.20826586215708145	0.05994442475598268	0.7317897130869363	19.81981981981982
0.2076464841688945	0.059074598454315654	0.7332789173767903	19.91991991991992
0.20703790520174198	0.05821560492668477	0.7347464898715738	20.02002002002002
0.20643992955170937	0.05736736988287738	0.7361927005654137	20.12012012012012
0.2058523651255742	0.05652981715517672	0.7376178177192495	20.22022022022022
0.20527502342897608	0.055702868875481565	0.7390221076955428	20.32032032032032
0.20470771949517375	0.05488644557594053	0.7404058349288862	20.42042042042042
0.20415027181430698	0.05408046628468758	0.7417692619010059	20.52052052052052
0.20360250226316304	0.053284848616678454	0.743112649120159	20.62062062062062
0.20306423603544793	0.05249950885962831	0.7444362551049242	20.72072072072072
0.20253530160630764	0.05172436211577062	0.7457403362779221	20.82082082082082
0.20201553098459366	0.050959322955563505	0.7470251460598433	20.92092092092092
0.2015047592070715	0.0502043047015742	0.7482909360913548	21.02102102102102
0.2010028243420173	0.049459219623126896	0.7495379560348563	21.12112112112112
0.20050956749586088	0.04872397913062625	0.7507664533735133	21.22122122122122
0.2000248327536091	0.04799849384492016	0.7519766734014712	21.32132132132132
0.19954846712012392	0.04728267366239397	0.7531688592174826	21.421421421421424
0.1990803204622557	0.046576427815796406	0.7543432517219483	21.521521521521525
0.19862024545183135	0.045879664930796676	0.7555000896173724	21.621621621621625
0.19816809754430403	0.045192293288311175	0.7566396091673852	21.721721721721725
0.19772373499817228	0.044514221323422275	0.7577620436784058	21.821821821821825
0.19728701865895298	0.04384535669408294	0.7588676246469644	21.921921921921925
0.19685781197023705	0.04318560671071079	0.7599565813190525	22.022022022022025
0.19643598093003997	0.04253487842623967	0.7610291406437207	22.122122122122125
0.19602139404135646	0.041893078681767504	0.7620855272768765	22.222222222222225
0.19561392226368826	0.041260114148648934	0.7631259635876633	22.322322322322325
0.19521343896554522	0.040635891367032516	0.7641506696674226	22.422422422422425
0.19481981987791946	0.040020316780842655	0.7651598633412383	22.522522522522525
0.1944329430483266	0.0394132972021502	0.7661537597495236	22.622622622622625
0.19405268879628468	0.03881473977677061	0.7671325714269451	22.722722722722725
0.19367893967030336	0.03822455137436041	0.7680965089553367	22.822822822822825
0.1933115804048926	0.03764263899093394	0.7690457806041738	22.922922922922925
0.19295049787888907	0.037068909780753605	0.7699805923403578	23.023023023023026
0.19259558107475594	0.03650327108466036	0.7709011478405841	23.123123123123126
0.19224672103885498	0.035945630455551394	0.771807648505594	23.223223223223226
0.1919038108426915	0.03539589568100506	0.7727002934763039	23.323323323323326
0.19156674554273273	0.034853974824639505	0.7735792796326282	23.423423423423426
0.1912354220805072	0.03431977681081115	0.7744448011086821	23.523523523523526
0.19090973931363364	0.03379321083692117	0.7752970498494457	23.623623623623626
0.19058959798935027	0.033274186309085026	0.7761362157015652	23.723723723723726
0.19027490068866	0.03276261304814165	0.7769624862631989	23.823823823823826
0.18996555179200283	0.03225840130782873	0.7777760469001689	23.923923923923926
0.18966145744583124	0.03176146179073308	0.7785770807634361	24.024024024024026
0.18936252553008814	0.03127170566201604	0.7793657688078963	24.124124124124126
0.18906866562658775	0.030789044560913872	0.7801422898124988	24.224224224224226
0.18877978897075579	0.03031339069944446	0.7809068203298002	24.324324324324326
0.1884958083350669	0.029844657311678395	0.7816595343532552	24.424424424424426
0.18821663814136755	0.029382757938597168	0.7824006039200357	24.524524524524526
0.1879421943920155	0.02892760663894701	0.7831301989690379	24.624624624624627
0.18767239462807597	0.028479118064543837	0.7838484873073807	24.724724724724727
0.18740715790100793	0.02803720746918662	0.7845556346298059	24.824824824824827
0.18714640474514982	0.027601790715871898	0.7852518045389787	24.924924924924927
0.18689005715100512	0.027172784282309355	0.785937158566686	25.025025025025027
0.18663803853932714	0.02675010526473858	0.7866118561959348	25.125125125125127
0.18639027369536215	0.02633367154230442	0.7872760547623338	25.225225225225227
0.18614668868265147	0.02592340202453288	0.787929909292816	25.325325325325327
0.18590721099211538	0.02551921596096375	0.7885735730469212	25.425425425425427
0.18567176942340288	0.02512103332117607	0.7892071972554214	25.525525525525527
0.185440294069217	0.02472877476518874	0.7898309311655947	25.625625625625627
0.18521271629177688	0.02434236164674693	0.7904449220614765	25.725725725725727
0.18498896870003248	0.023961716015097303	0.7910493152848705	25.825825825825827
0.18476898512761952	0.023586760615301454	0.7916442542570794	25.925925925925927
0.18455270061114123	0.023217418888455944	0.7922298805004032	26.026026026026027
0.18434005129180359	0.02285361522499337	0.7928063334832034	26.126126126126128
0.18413097444710966	0.022495274791216727	0.7933737507616739	26.226226226226228
0.1839254085233596	0.022142323354191223	0.7939322681224495	26.326326326326328
0.18372329307290075	0.021794687420930423	0.7944820195061691	26.426426426426428
0.18352456873350842	0.02145229424003942	0.7950231370264526	26.526526526526528
0.18332917720819167	0.02111507180299286	0.7955557509888158	26.626626626626628
0.18313706124540388	0.02078294884512492	0.7960799899094716	26.726726726726728
0.18294816461963687	0.02045585484640832	0.7965959805339552	26.826826826826828
0.18276243211237786	0.020133720032099442	0.797103847855523	26.926926926926928
0.18257980948949498	0.019816475379142037	0.7976037151313633	27.027027027027028
0.18240024345862	0.019504052652790302	0.7980957038885901	27.127127127127128
0.1822236816878783	0.019196384352620922	0.7985799339595011	27.227227227227228
0.18205007277858368	0.018893403727538605	0.7990565234938781	27.32732732732733
0.1818793662429434	0.018595044783972562	0.7995255889730845	27.42742742742743
0.18171151248596493	0.018301242288513018	0.7999872452255224	27.52752752752753
0.1815464627875152	0.01801193177104928	0.8004416054414359	27.62762762762763
0.1813841692845099	0.01772704952848983	0.8008887811870007	27.72772772772773
0.18122458495320912	0.0174465326291451	0.8013288824176461	27.82782782782783
0.18106766359159682	0.017170318917853467	0.8017620174905501	27.92792792792793
0.18091335984776954	0.016898346816078946	0.8021882933361519	28.02802802802803
0.18076162921971842	0.016630555251238507	0.8026078155290435	28.12812812812813
0.18061242793652535	0.01636688411834154	0.8030206879451335	28.22822822822823
0.18046571299508643	0.016107274045892385	0.8034270129590215	28.32832832832833
0.180321442145929	0.015851666390855692	0.8038268914632157	28.42842842842843
0.18017957387831038	0.01560000323781734	0.8042204228838726	28.52852852852853
0.1800400674054552	0.015352227398482488	0.8046077051960627	28.62862862862863
0.17990288264991472	0.015108282411556529	0.8049888349385291	28.72872872872873
0.17976798022903423	0.014868112543054758	0.8053639072279114	28.82882882882883
0.1796353214439101	0.01463166277538449	0.8057330157807058	28.92892892892893
0.17950486833896298	0.014398878554053533	0.8060962531069837	29.02902902902903
0.17937658360600878	0.014169706070610516	0.806453710323381	29.12912912912913
0.17925043056561377	0.013944092280234913	0.8068054771541516	29.22922922922923
0.1791263731774699	0.01372198482016155	0.8071516420023689	29.32932932932933
0.17900437602845923	0.01350333200568646	0.8074922919658546	29.42942942942943
0.17888440432090474	0.013288082826277709	0.8078275128528178	29.52952952952953
0.1787664238609999	0.013076186941813327	0.8081573891971872	29.62962962962963
0.1786504010474076	0.01286759467896853	0.8084820042736242	29.72972972972973
0.17853630286002078	0.012662257027774416	0.8088014401122051	29.82982982982983
0.17842409685572347	0.01246012560558604	0.8091157775386909	29.929929929929934
0.1783137511739046	0.012261152575266662	0.8094250962508291	30.030030030030034
0.17820523449183934	0.01206529080426558	0.8097294747038954	30.130130130130134
0.1780985160274015	0.011872493797970464	0.8100289901746284	30.230230230230234
0.17799356553074797	0.011682715686706311	0.810323718782546	30.330330330330334
0.1778903532745853	0.0114959112203544	0.8106137355050607	30.430430430430434
0.17778885004459577	0.011312035763020376	0.8108991141923843	30.530530530530534
0.17768902713001689	0.011131045287763675	0.8111799275822198	30.630630630630634
0.1775908563143675	0.010952896371400378	0.8114562473142325	30.730730730730734
0.1774943098663279	0.010777546189312573	0.81172814394436	30.830830830830834
0.17739936053735886	0.010604952472150852	0.8119956869904907	30.930930930930934
0.1773059815491458	0.010435073522238814	0.8122589449286158	31.031031031031034
0.17721414657940546	0.010267868240273295	0.8125179851803217	31.131131131131134
0.17712382975744184	0.010103296096426255	0.8127728741461323	31.231231231231234
0.1770350056558642	0.009941317124422337	0.8130236772197139	31.331331331331334
0.17694764928242682	0.00978189191565697	0.8132704588019166	31.431431431431434
0.17686173607198574	0.009624981613362777	0.8135132823146519	31.531531531531535
0.17677724187856605	0.00947054790683212	0.8137522102146022	31.631631631631635
0.17669414296753472	0.00931855302570352	0.8139873040067622	31.731731731731735
0.17661241601035013	0.009168959732163627	0.8142186242574867	31.831831831831835
0.17653203809500717	0.009021731299651342	0.8144462306053419	31.931931931931935
0.17645298669222692	0.008876831530239998	0.8146701817775336	32.032032032032035
0.17637523965395646	0.008734224744068078	0.8148905356019759	32.132132132132135
0.17629877520979922	0.008593875770740387	0.8151073490194609	32.232232232232235
0.17622357196027605	0.008455749943660077	0.8153206780960643	32.332332332332335
0.17614960887019887	0.008319813094438237	0.8155305780353633	32.432432432432435
0.1760768652621528	0.008186031547387257	0.8157371031904604	32.532532532532535
0.176005320810083	0.008054372114104334	0.8159403070758131	32.632632632632635
0.175934955532982	0.007924802088151384	0.8161402423788671	32.732732732732735
0.17586574978852867	0.007797289229135248	0.8163369609823365	32.832832832832835
0.1757976842810888	0.00767180173573231	0.8165305139831793	32.932932932932935
0.17573074002706765	0.0075483082992177505	0.8167209516737151	33.033033033033036
0.17566489837013602	0.007426778061509524	0.8169083235683549	33.133133133133136
0.1756001409698324	0.007307180615470424	0.8170926784146976	33.233233233233236
0.17553644979600608	0.007189485999353117	0.8172740642046412	33.333333333333336
0.1754738071233261	0.0070736646913377695	0.8174525281853365	33.433433433433436
0.1754121955258566	0.006959687604162258	0.8176281168699816	33.533533533533536
0.17535159787169827	0.006847526079844974	0.8178008760484572	33.633633633633636
0.17529199731816206	0.006737151883551939	0.8179708507982864	33.733733733733736
0.17523337731884264	0.006628537173484273	0.8181380855076734	33.833833833833836
0.1751757216034048	0.00652165452650143	0.8183026238700941	33.933933933933936
0.17511901417131276	0.006416476935608186	0.8184645088930794	34.034034034034036
0.17506323929143705	0.006312977795712694	0.8186237829128507	34.134134134134136
0.17500838149719153	0.006211130898703998	0.8187804876041048	34.234234234234236
0.17495442558174046	0.006110910428614839	0.8189346639896451	34.334334334334336
0.1749013565932752	0.006012290956869728	0.8190863524498554	34.434434434434436
0.1748491598303605	0.005915247437618303	0.8192355927320215	34.53453453453454
0.17479782083735104	0.00581975520315396	0.8193824239594953	34.63463463463464
0.1747473253998771	0.005725789959417766	0.8195268846407054	34.73473473473474
0.17469765954040054	0.005633327781587646	0.8196690126780122	34.83483483483484
0.17464880951384015	0.005542345109752853	0.8198088453764073	34.93493493493494
0.17460076182213738	0.0054528187016920525	0.819946419476171	35.03503503503504
0.17455350321330335	0.005364725621242353	0.8200817711654547	35.13513513513514
0.1745070206337209	0.005278043333386564	0.8202149360328929	35.23523523523524
0.17446130124811046	0.0051927496454631985	0.8203459491064267	35.33533533533534
0.17441633243617372	0.005108822701742614	0.820474844862084	35.43543543543544
0.1743721017889124	0.005026240978987618	0.8206016572321003	35.53553553553554
0.1743285971050265	0.004944983282077087	0.8207264196128967	35.63563563563564
0.17428580638739208	0.0048650287396926105	0.8208491648729156	35.73573573573574
0.17424371783961864	0.0047863568000681336	0.8209699253603135	35.83583583583584
0.17420231986268594	0.004708947226802632	0.8210887329105118	35.93593593593594
0.17416160105166045	0.004632780094735801	0.8212056188536041	36.03603603603604
0.1741215501924913	0.0045578357858867494	0.8213206140216223	36.13613613613614
0.17408215625800194	0.004484094977325383	0.8214337487646729	36.23623623623624
0.17404340840037946	0.004411538596149847	0.8215450530034709	36.33633633633634
0.17400529595633552	0.004340147890379641	0.8216545561532851	36.43643643643644
0.1739678084417982	0.004269904402862637	0.8217622871553394	36.53653653653654
0.17393093554827452	0.004200789959879642	0.8218682744918461	36.63663663663664
0.17389466714008364	0.004132786667095693	0.8219725461928209	36.73673673673674
0.17385899325166848	0.00406587690556121	0.8220751298427705	36.83683683683684
0.17382390408498538	0.004000043327762965	0.8221760525872519	36.93693693693694
0.17378939000697186	0.003935268853724911	0.8222753411393035	37.03703703703704
0.17375544154709247	0.003871536667158823	0.822373021785749	37.13713713713714
0.1737220493949627	0.0038088302116647994	0.8224691203933727	37.23723723723724
0.17368920439805113	0.003747133186981584	0.8225636624149676	37.33733733733734
0.17365689755888533	0.003686429545260923	0.822656672895854	37.43743743743744
0.17362511998924532	0.0036267034854551806	0.8227481765252997	37.53753753753754
0.17359386295138762	0.0035679394516626105	0.82283819759695	37.63763763763764
0.1735631178747417	0.003510122130416647	0.8229267599948419	37.73773773773774
0.17353287633185738	0.0034532364461901666	0.8230138872219527	37.83783783783784
0.1735031300362013	0.003397267557928015	0.8230996024058709	37.93793793793794
0.17347387084001775	0.0033422008556287623	0.8231839283043537	38.03803803803804
0.1734450907322542	0.0032880219569756818	0.8232668873107704	38.13813813813814
0.17341678183655082	0.003234716704016943	0.8233485014594324	38.23823823823824
0.17338893640929479	0.0031822711598950395	0.8234287924308104	38.33833833833834
0.17336154683773883	0.0031306716056254255	0.823507781556636	38.43843843843844
0.17333460563818437	0.003079904536924388	0.8235854898248914	38.53853853853854
0.1733081054542289	0.0030299566610861306	0.8236619378846851	38.63863863863864
0.17328203903417946	0.00298081489029525	0.8237371460755255	38.73873873873874
0.1732563992102006	0.0029324663352772473	0.8238111344545224	38.83883883883884
0.1732311789691006	0.002884898314833482	0.8238839227160661	38.93893893893894
0.1732063714159802	0.0028380983468876877	0.8239555302371323	39.03903903903904
0.17318196977069092	0.0027920541452440433	0.8240259760840652	39.13913913913914
0.17315796736607791	0.002746753616691977	0.8240952790172302	39.23923923923924
0.17313435764627352	0.0027021848581577712	0.8241634574955689	39.33933933933934
0.1731111341650411	0.002658336153902979	0.8242305296810561	39.43943943943944
0.17308829058416944	0.0026151959727696485	0.8242965134430611	39.53953953953954
0.1730658206719177	0.0025727529654723494	0.8243614263626101	39.63963963963964
0.17304371830151052	0.0025309959619370147	0.8244252857365526	39.73973973973974
0.17302197744968406	0.0024899139686865813	0.8244881085816296	39.83983983983984
0.17300059219126834	0.002449496165014998	0.8245499116437168	39.93993993993994
0.17297955666304687	0.0024097318895593203	0.824610711447394	40.04004004004004
0.17295886511723338	0.002370610655001344	0.8246705242277654	40.14014014014014
0.17293851190919546	0.002332122142184065	0.8247293659486207	40.24024024024024
0.17291849148791336	0.0022942561951166075	0.8247872523169703	40.34034034034034
0.172898798394545	0.0022570028185518636	0.8248441987869033	40.44044044044044
0.1728794272610315	0.0022203521756077186	0.824900220563361	40.54054054054054
0.1728603728087426	0.002184294585431872	0.8249553326058257	40.64064064064064
0.17284162984716267	0.002148820520910249	0.8250095496319273	40.74074074074074
0.17282319327261642	0.002113920606419003	0.8250628861209648	40.84084084084084
0.1728050580670353	0.0020795856156201127	0.8251153563173448	40.94094094094094
0.17278721929676397	0.002045806469300568	0.8251669742339357	41.04104104104104
0.1727696721113854	0.0020125742332436692	0.8252177536553711	41.14114114114114
0.1727524117202229	0.0019798801040509825	0.8252677081757263	41.24124124124124
0.17273543340653583	0.0019477154153687368	0.8253168511780956	41.34134134134134
0.1727187325469762	0.0019160716469805977	0.8253651958060434	41.44144144144144
0.17270230459467376	0.0018849404142551103	0.8254127549910713	41.54154154154154
0.17268614507806487	0.001854313466128063	0.8254595414558072	41.64164164164164
0.1726702495997533	0.0018241826831240982	0.8255055677171228	41.74174174174174
0.17265461383540345	0.0017945400754175761	0.8255508460891792	41.84184184184184
0.1726392335326655	0.001765377780932689	0.825595388686402	41.94194194194194
0.1726241045101329	0.0017366880634828244	0.8256392074263844	42.04204204204204
0.17260922265633216	0.0017084633109491793	0.8256823140327189	42.14214214214214
0.17259458392874438	0.001680696033498626	0.8257247200377572	42.24224224224224
0.17258018435285952	0.001653378861840826	0.8257664367852998	42.34234234234234
0.1725660200112859	0.0016265045376247787	0.8258074754510895	42.44244244244244
0.17255208702465755	0.0016000658973539057	0.8258478470779886	42.54254254254254
0.17253838160137464	0.0015740559108206062	0.8258875624878049	42.64264264264264
0.17252490001485854	0.0015484676621569007	0.8259266323229847	42.74274274274275
0.1725116386003698	0.0015232943463898004	0.8259650670532406	42.84284284284285
0.17249859375412352	0.0014985292678297213	0.8260028769780469	42.94294294294295
0.1724857619324332	0.0014741658384950687	0.8260400722290718	43.04304304304305
0.17247313965088268	0.0014501975765729702	0.8260766627725444	43.14314314314315
0.17246072348352653	0.001426618104916162	0.8261126584115575	43.24324324324325
0.17244851006211853	0.0014034211495760312	0.8261480687883056	43.34334334334335
0.17243649607536848	0.0013806005383718107	0.8261829033862598	43.44344344344345
0.17242467826822744	0.0013581501994959302	0.8262171715322768	43.54354354354355
0.17241305344120084	0.0013360641601555196	0.8262508823986437	43.64364364364365
0.17240161844969043	0.0013143365452500686	0.8262840450050596	43.74374374374375
0.17239037020336392	0.0012929615760852388	0.8263166682205509	43.84384384384385
0.1723793056581348	0.0012719335625723763	0.826348760779293	43.94394394394395
0.17236842176133177	0.001251246854106402	0.826380331384562	44.04404404404405
0.1723577155449296	0.0012308959211913284	0.8264113885338793	44.14414414414415
0.17234718410206856	0.0012108753340220673	0.8264419405639095	44.24424424424425
0.17233682457387905	0.0011911797501769558	0.8264719956759442	44.34434434434435
0.17232663414877597	0.0011718039133319755	0.8265015619378923	44.44444444444445
0.17231661006177387	0.0011527426520046452	0.8265306472862217	44.54454454454455
0.17230674959382317	0.0011339908783275859	0.8265592595278494	44.64464464464465
0.17229705007116727	0.001115543586851761	0.8265874063419811	44.74474474474475
0.1722875088647205	0.0010973958533793896	0.8266150952819002	44.84484484484485
0.17227812338946716	0.0010795428338265317	0.8266423337767065	44.94494494494495
0.17226889110388127	0.0010619797631153493	0.8266691291330035	45.04504504504505
0.17225980950936762	0.0010447019540960395	0.8266954885365365	45.14514514514515
0.17225087614972315	0.0010277047964984414	0.8267214190537786	45.24524524524525
0.17224208861062	0.0010109837559133163	0.8267469276334669	45.34534534534535
0.17223344451827508	0.0009945343718982765	0.8267720211098268	45.44544544544545
0.17222494150462622	0.0009783522197317983	0.8267967062756422	45.54554554554555
0.17221657724780265	0.0009624329539091806	0.8268209897982883	45.64564564564565
0.17220834947930505	0.0009467723155074735	0.8268448782051876	45.74574574574575
0.1722002559680517	0.0009313661144444898	0.826868377917504	45.84584584584585
0.17219229451983414	0.0009162102284727512	0.8268914952516933	45.94594594594595
0.1721844629767897	0.0009013006021981217	0.8269142364210124	46.04604604604605
0.17217675921688982	0.0008866332461231277	0.8269366075369872	46.14614614614615
0.17216918115344515	0.0008722042357149661	0.8269586146108401	46.24624624624625
0.1721617267346266	0.0008580097104982001	0.8269802635548754	46.34634634634635
0.17215439394300308	0.0008440458731721409	0.827001560183825	46.44644644644645
0.1721471807950954	0.000830308988752919	0.8270225102161519	46.54654654654655
0.17214008534094632	0.0008167953837402407	0.8270431192753136	46.64664664664665
0.17213310566370751	0.0008035014453088332	0.8270633928909839	46.74674674674675
0.1721262398792421	0.000790423620524577	0.8270833365002335	46.84684684684685
0.17211948613574415	0.000777558415585325	0.8271029554486707	46.94694694694695
0.17211284259335163	0.0007649023705233719	0.8271222550361252	47.04704704704705
0.17210630743067895	0.0007524520669364842	0.8271412405023848	47.14714714714715
0.17209987887691466	0.0007402041670862572	0.8271599169559993	47.24724724724725
0.1720935551904881	0.0007281553874535567	0.8271782894220585	47.34734734734735
0.17208733465856665	0.0007163024978528618	0.8271963628435807	47.44744744744745
0.17208121559664202	0.0007046423206604381	0.8272141420826977	47.54754754754755
0.17207519634812884	0.0006931717300624574	0.8272316319218089	47.64764764764765
0.17206927528397592	0.0006818876513230687	0.8272488370647012	47.74774774774775
0.17206345080228977	0.0006707870600724138	0.827265762137638	47.84784784784785
0.17205772132797092	0.0006598669816145946	0.8272824116904147	47.94794794794795
0.17205208531236227	0.0006491244902555863	0.8272987901973824	48.04804804804805
0.17204654123291027	0.0006385567086510998	0.8273149020584388	48.14814814814815
0.17204108759283857	0.0006281608071743929	0.8273307515999873	48.24824824824825
0.17203572292083372	0.0006179340033040282	0.8273463430758625	48.34834834834835
0.17203044577074394	0.0006078735610315813	0.8273616806682247	48.44844844844845
0.1720252547130034	0.0005979767786951317	0.8273767685083018	48.54854854854855
0.17202014832207557	0.0005882409712450856	0.8273916107066797	48.64864864864865
0.1720151252138864	0.0005786635224561516	0.8274062112636578	48.74874874874875
0.17201018402851112	0.000569241860542963	0.8274205741109462	48.84884884884885
0.1720053234284029	0.0005599734555239245	0.8274347031160735	48.94894894894895
0.17200054209806637	0.0005508558186086435	0.8274486020833253	49.04904904904905
0.1719958387437401	0.0005418865016011547	0.827462274754659	49.14914914914915
0.17199121209308915	0.0005330630963189377	0.8274757248105922	49.24924924924925
0.17198666089490666	0.0005243832340277269	0.8274889558710659	49.34934934934935
0.1719821839188253	0.0005158445848921146	0.8275019714962829	49.44944944944945
0.17197777995503793	0.0005074448574419466	0.8275147751875204	49.54954954954955
0.17197344781402807	0.0004991817980545108	0.8275273703879177	49.64964964964965
0.1719691863263095	0.0004910531904525184	0.8275397604832383	49.74974974974975
0.17196499434217571	0.00048305685521787806	0.8275519488026067	49.84984984984985
0.17196087073145863	0.0004751906493212623	0.8275639386192204	49.94994994994995
0.17195681438090124	0.00046745246216832166	0.8275757331569308	50.050050050050054
0.17195282417905025	0.00045984019342088943	0.8275873356275292	50.150150150150154
0.1719488990429027	0.0004523517918025393	0.8275987491652951	50.250250250250254
0.17194503791035234	0.0004449852439558318	0.8276099768456922	50.350350350350354
0.1719412397367668	0.0004377385693345344	0.827621021693899	50.450450450450454
0.17193750349473427	0.00043060981972703786	0.827631886685539	50.550550550550554
0.17193382817381775	0.00042359707879254736	0.82764257474739	50.650650650650654
0.1719302127803166	0.000416698461610049	0.8276530887580738	50.750750750750754
0.17192665633703552	0.00040991211424005135	0.8276634315487248	50.850850850850854
0.17192315788306128	0.0004032362132991021	0.8276736059036399	50.950950950950954
0.17191971647354634	0.00039666896554707993	0.8276836145609069	51.051051051051054
0.17191633117950042	0.0003902086074872618	0.8276934602130126	51.151151151151154
0.17191300108758917	0.0003838534049791646	0.827703145507432	51.251251251251254
0.17190972529994047	0.0003776016528641627	0.8277126730471956	51.351351351351354
0.1719065029339581	0.0003714516746038807	0.8277220453914383	51.451451451451454
