0.7989999999999999	0.001	0.2	0.0
0.7989592973698427	0.0010356083006613328	0.2000050943294958	0.1001001001001001
0.7989171480550112	0.0010724819459281534	0.20001036999906044	0.2002002002002002
0.7988735013093298	0.0011106653013890234	0.20001583338928106	0.3003003003003003
0.7988283074907813	0.0011502017657230212	0.20002149074349562	0.4004004004004004
0.7987815159770038	0.0011911355920543622	0.20002734843094186	0.5005005005005005
0.7987330598578166	0.001233525273978635	0.2000334148682047	0.6006006006006006
0.7986828763626318	0.001277425683549762	0.20003969795381835	0.7007007007007008
0.7986309082584876	0.0013228868460849262	0.20004620489542738	0.8008008008008008
0.7985770952228556	0.001369961490995808	0.20005294328614837	0.9009009009009009
0.7985213713930941	0.0014187071848853123	0.20005992142202036	1.001001001001001
0.7984636674974589	0.0014691844707519996	0.2000671480317889	1.1011011011011012
0.7984039128096123	0.001521455160935642	0.20007463202945192	1.2012012012012012
0.7983420440836174	0.0015755745379031955	0.20008238137847925	1.3013013013013013
0.7982779755448064	0.0016316175501464726	0.20009040690504698	1.4014014014014016
0.7982116356580774	0.0016896467156577238	0.20009871762626474	1.5015015015015016
0.798142942912391	0.001749733258031176	0.20010732382957777	1.6016016016016017
0.7980718141914689	0.0018119498024141594	0.2001162360061169	1.7017017017017018
0.7979981635022002	0.0018763714850661885	0.20012546501273346	1.8018018018018018
0.7979219012554207	0.0019430765803159448	0.20013502216426327	1.9019019019019021
0.7978429360000092	0.002012144981154261	0.20014491901883646	2.002002002002002
0.797761172460653	0.0020836599185345534	0.20015516762081234	2.1021021021021022
0.7976765116471376	0.0021577078656137083	0.2001657804872486	2.2022022022022023
0.7975888511617129	0.0022343782679521505	0.20017677057033484	2.3023023023023024
0.7974980854015367	0.0023137633584303686	0.2001881512400329	2.4024024024024024
0.7974041053573774	0.0023959583412843854	0.20019993630133812	2.5025025025025025
0.7973067985971035	0.0024810614072009476	0.20021213999569543	2.6026026026026026
0.7972060492189648	0.0025691737718953537	0.2002247770091398	2.702702702702703
0.797101735441856	0.002660401768327867	0.20023786278981595	2.802802802802803
0.7969937316428684	0.002754855077631657	0.20025141327949983	2.902902902902903
0.7968819089653091	0.0028526462012080636	0.20026544483348274	3.0030030030030033
0.7967661356591007	0.002953890166439053	0.2002799741744601	3.1031031031031033
0.7966462696368509	0.003058710980258514	0.20029501938289035	3.2032032032032034
0.7965221693371332	0.0031672322111493704	0.20031059845171736	3.3033033033033035
0.7963936867894523	0.0032795830015231206	0.20032673020902436	3.4034034034034035
0.7962606698329903	0.003395896144135032	0.20034343402287455	3.5035035035035036
0.7961229593056007	0.003516310514570481	0.2003607301798287	3.6036036036036037
0.7959803902997036	0.0036409699847981675	0.20037863971549813	3.7037037037037037
0.7958327938192246	0.0037700219897134016	0.20039718419106192	3.8038038038038042
0.7956799953232758	0.003903618787466784	0.20041638588925734	3.9039039039039043
0.795521814513153	0.004041917643998309	0.20043626784284863	4.004004004004004
0.7953580650299792	0.0041850810939039005	0.20045685387611678	4.104104104104104
0.7951885528843423	0.004333278284530215	0.20047816883112735	4.2042042042042045
0.7950130776728112	0.004486683939303792	0.20050023838788494	4.3043043043043046
0.794831432363349	0.004645478543617871	0.20052308909303299	4.404404404404405
0.7946434027421754	0.004809848819936283	0.20054674843788817	4.504504504504505
0.794448767168066	0.004979987940259835	0.20057124489167402	4.604604604604605
0.794247296639569	0.0051560954615555215	0.20059660789887543	4.704704704704705
0.7940387559485268	0.005338376299436289	0.20062286775203683	4.804804804804805
0.7938229013536972	0.00552704278273536	0.20065005586356732	4.904904904904905
0.7935994809255258	0.005722314343203649	0.2006782047312705	5.005005005005005
0.7933682344951056	0.005924417555636215	0.20070734794925807	5.105105105105105
0.7931288934456406	0.00613358631743671	0.20073752023692257	5.205205205205205
0.7928811800483944	0.00635006240338004	0.20076875754822537	5.305305305305305
0.7926248066995693	0.006574096101977351	0.20080109719845324	5.405405405405406
0.7923594770656268	0.0068059452798935735	0.20083457765447948	5.505505505505506
0.7920848852879111	0.007045876044880976	0.20086923866720774	5.605605605605606
0.791800715722877	0.007294162967544755	0.20090512130957802	5.705705705705706
0.7915066427072779	0.007551089282548522	0.2009422680101734	5.805805805805806
0.7912023291758711	0.007816948032079959	0.20098072279204873	5.9059059059059065
0.7908874267356786	0.008092042013260066	0.20102053125106112	6.0060060060060065
0.7905615765951589	0.008376683023537654	0.2010617403813032	6.106106106106107
0.7902244086111034	0.008671192651723223	0.20110439873717306	6.206206206206207
0.7898755410173326	0.008975902509159755	0.20114855647350738	6.306306306306307
0.7895145798951095	0.009291154662659363	0.20119426544223087	6.406406406406407
0.7891411186282657	0.009617302079382772	0.20124157929235126	6.506506506506507
0.7887547370122328	0.009954709342081692	0.2012905536456853	6.606606606606607
0.7883550026822423	0.01030375155264561	0.20134124576511184	6.706706706706707
0.787941469925629	0.010664815279143734	0.2013937147952271	6.806806806806807
0.7875136793958515	0.011038298798459358	0.2014480218056889	6.906906906906907
0.7870711576488423	0.011424612468687508	0.20150422988246997	7.007007007007007
0.7866134157618803	0.011824179770449923	0.20156240446766957	7.107107107107107
0.786139950454889	0.012237436524769947	0.20162261302034076	7.207207207207207
0.7856502434301692	0.012664831409596919	0.20168492516023367	7.307307307307307
0.7851437608566249	0.013106826371304883	0.20174941277207	7.407407407407407
0.7846199529953188	0.013563896933472791	0.2018161500712081	7.507507507507508
0.7840782538161912	0.014036532512383168	0.2018852136714254	7.6076076076076085
0.7835180808219766	0.014525236466272202	0.20195668271175107	7.7077077077077085
0.7829388346837174	0.015030526378188233	0.20203063893809425	7.807807807807809
0.7823398984996146	0.015552934810329612	0.20210716669005563	7.907907907907909
0.7817206375660025	0.016093009406850312	0.20218635302714696	8.008008008008009
0.7810803989673967	0.01665131322082672	0.20226828781177647	8.108108108108109
0.7804185111581611	0.01722842504736635	0.20235306379447238	8.208208208208209
0.7797342837671508	0.017824939555387463	0.20244077667746166	8.308308308308309
0.7790270095185376	0.01844146552219104	0.20253152495927126	8.408408408408409
0.7782959610893946	0.019078628601929076	0.20262541030867628	8.508508508508509
0.7775403910380219	0.019737071341802612	0.2027225376201755	8.608608608608609
0.7767595318898373	0.02041745305552274	0.20282301505463987	8.70870870870871
0.7759525957902029	0.02112045008310067	0.2029269541266963	8.80880880880881
0.7751187741568587	0.021846756049392676	0.20303446979374856	8.90890890890891
0.7742572385389699	0.02259708097519603	0.203145680485834	9.00900900900901
0.7733671412133177	0.023372150636343444	0.2032607081503388	9.10910910910911
0.7724476120241975	0.024172709488254382	0.2033796784875481	9.20920920920921
0.7714977594355101	0.0249995195888593	0.20350272097563057	9.30930930930931
0.7705166703301879	0.025853360709470648	0.2036299689603414	9.40940940940941
0.769503409785897	0.026735030466565415	0.20376155974753754	9.50950950950951
0.7684570210441554	0.027645344266525363	0.2038976346893192	9.60960960960961
0.7673765286150895	0.02858513224163812	0.20403833914327232	9.70970970970971
0.7662609348224086	0.02955524247561673	0.20418382270197455	9.80980980980981
0.7651092195273637	0.03055654117880957	0.2043342392938268	9.90990990990991
0.7639203408999382	0.031589911857526735	0.20448974724253502	10.01001001001001
0.7626932354039264	0.03265625523572998	0.20465050936034362	10.11011011011011
0.7614268177996919	0.03375648915821464	0.20481669304209343	10.21021021021021
0.760119982673651	0.03489154704853058	0.20498847027781836	10.31031031031031
0.758771607287054	0.036062375117754945	0.20516601759519107	10.41041041041041
0.7573805469118251	0.037269936674744784	0.20534951641343005	10.51051051051051
0.7559456370313892	0.038515209943955256	0.20553915302465545	10.61061061061061
0.7544656938929388	0.0397991874401328	0.20573511866692828	10.710710710710712
0.7529395150862231	0.04112287531948411	0.20593760959429275	10.810810810810812
0.7513658814840541	0.04248729148280225	0.20614682703314358	10.910910910910912
0.7497435565085157	0.04389346612030634	0.20636297737117795	11.011011011011012
0.7480712868277338	0.045342440945500294	0.20658627222676584	11.111111111111112
0.746347803379298	0.04683526812725555	0.20681692849344638	11.211211211211213
0.7445718221821138	0.048373009412161064	0.20705516840572508	11.311311311311313
0.742742047839264	0.04995673275018346	0.20730121941055246	11.411411411411413
0.7408571751514692	0.05158751066906285	0.20755531417946785	11.511511511511513
0.7389158865703742	0.053266422502147026	0.2078176909274786	11.611611611611613
0.7369168553599426	0.05499455132308863	0.2080885933169687	11.711711711711713
0.7348587470242586	0.05677298248486445	0.20836827049087686	11.811811811811813
0.7327402215318853	0.05860280143937178	0.20865697702874272	11.911911911911913
0.7305599383192858	0.06048508905874303	0.20895497262197107	12.012012012012013
0.7283165537182931	0.06242092374920092	0.20926252253250588	12.112112112112113
0.7260087240535039	0.06441137847286878	0.20957989747362724	12.212212212212213
0.7236351080856163	0.06645751835159316	0.20990737356279046	12.312312312312313
0.7211943692830655	0.06856039842126282	0.2102452322956716	12.412412412412413
0.7186851811953167	0.07072105866774904	0.21059376013693418	12.512512512512513
0.7161062282336721	0.07294052307001525	0.21095324869631252	12.612612612612613
0.7134562071001341	0.07521979806957206	0.2113239948302937	12.712712712712714
0.710733830686755	0.07755986887326803	0.21170630043997685	12.812812812812814
0.7079378310910708	0.07996169652154216	0.21210047238738694	12.912912912912914
0.7050669637779896	0.08242621403028516	0.21250682219172504	13.013013013013014
0.7021200125531456	0.08495432187197771	0.21292566557487647	13.113113113113114
0.699095789954001	0.08754688707366018	0.2133573229723386	13.213213213213214
0.6959931421440181	0.09020473872650563	0.21380211912947608	13.313313313313314
0.6928109528302236	0.09292866425272306	0.21426038291705304	13.413413413413414
0.6895481472658012	0.09571940563054075	0.21473244710365788	13.513513513513514
0.6862036965386388	0.09857765584564968	0.21521864761571133	13.613613613613614
0.682776621691373	0.10150405446487872	0.2157193238437481	13.713713713713714
0.6792659981464483	0.10449918348264187	0.21623481837090958	13.813813813813814
0.6756709602959478	0.10756356309939298	0.21676547660465897	13.913913913913914
0.6719907062045307	0.11069764730656186	0.2173116464889072	14.014014014014014
0.6682245001157467	0.11390182200784456	0.21787367787640852	14.114114114114114
0.664371677059908	0.11717640078197122	0.21845192215812062	14.214214214214214
0.6604316508014261	0.12052161687719282	0.21904673232138094	14.314314314314315
0.6564039173275216	0.12393762031814731	0.21965846235433098	14.414414414414415
0.6522880599572279	0.12742447320227884	0.22028746684049302	14.514514514514515
0.6480837531420963	0.13098214637831276	0.22093410047959072	14.614614614614615
0.643790760991447	0.13461052162830747	0.22159871738024528	14.714714714714715
0.6394089495623073	0.13830937957259923	0.2222816708650933	14.814814814814815
0.6349382898079204	0.1420783973024404	0.22298331288963893	14.914914914914915
0.6303788616703125	0.14591714483976095	0.22370399348992626	15.015015015015017
0.6257308553401658	0.14982508426623015	0.22444406039360382	15.115115115115117
0.6209945773720443	0.1538015642558972	0.22520385837205828	15.215215215215217
0.6161704562511827	0.1578458151500951	0.225983728598722	15.315315315315317
0.6112590457551508	0.16195694615001968	0.22678400809482935	15.415415415415417
0.606261025321778	0.16613394553725172	0.22760502914097014	15.515515515515517
0.601177198256227	0.17037568305831782	0.22844711868545506	15.615615615615617
0.596008504456394	0.17468089792153405	0.2293105976220718	15.715715715715717
0.5907560198459751	0.17904820000433205	0.2301957801496927	15.815815815815817
0.5854209581154879	0.1834760687519056	0.23110297313260633	15.915915915915917
0.5800046646288476	0.18796285954856007	0.23203247582259215	16.016016016016017
0.5745086259479071	0.19250679525815617	0.2329845787939366	16.116116116116117
0.5689344705642383	0.1971059661543553	0.23395956328140624	16.216216216216218
0.5632839687844103	0.2017583306816594	0.23495770053393003	16.316316316316318
0.5575590269883527	0.20646172153271905	0.23597925147892804	16.416416416416418
0.5517616877799603	0.21121384620530848	0.23702446601473104	16.516516516516518
0.5458941347881845	0.2160122832082844	0.23809358200353095	16.616616616616618
0.5399586886535345	0.2208544865960929	0.23918682475037242	16.716716716716718
0.533957803450509	0.22573779003788302	0.2403044065116078	16.816816816816818
0.5278940582633298	0.23065941529056783	0.24144652644610212	16.916916916916918
0.5217701620601313	0.2356164687527968	0.2426133691870718	17.017017017017018
0.5155889477131484	0.24060594782693118	0.24380510445992012	17.117117117117118
0.509353367329773	0.2456247461269505	0.2450218865432762	17.217217217217218
0.5030664838478957	0.25066966170199195	0.24626385445011215	17.31731731731732
0.4967314680970093	0.25573740102712866	0.24753113087586176	17.41741741741742
0.4903515934320023	0.26082458501068606	0.24882382155731136	17.51751751751752
0.4839302283967686	0.26592775665616786	0.2501420149470633	17.61761761761762
0.47747082999043494	0.2710433878215429	0.2514857821880218	17.71771771771772
0.470976936368422	0.276167886581648	0.2528551770499297	17.81781781781782
0.46445215812258644	0.2812976070846005	0.2542502347928127	17.91791791791792
0.4579001699741077	0.28642885785050803	0.255670972175384	18.01801801801802
0.4513247026290385	0.2915579100845164	0.25711738728644473	18.11811811811812
0.44472953914379293	0.2966810008302488	0.258589460025958	18.21821821821822
0.43811849934577307	0.30179434947149186	0.26008715118273473	18.31831831831832
0.4314954310107692	0.3068941665435928	0.26161040244563766	18.41841841841842
0.42486420024986793	0.3119766633531329	0.2631591363969988	18.51851851851852
0.4182286899795426	0.3170380530940142	0.2647332569264428	18.61861861861862
0.41159278658320014	0.32207456430832443	0.266332649108475	18.71871871871872
0.4049603646248673	0.32708245633612204	0.26795717903901034	18.81881881881882
0.3983352792635506	0.33205802662108086	0.26960669411536814	18.91891891891892
0.3917213604855869	0.3369976162130696	0.27128102330134307	19.01901901901902
0.38512241300644373	0.3418976094519451	0.2729799775416108	19.11911911911912
0.3785421908843015	0.34675445934692084	0.27470334976877725	19.21921921921922
0.37198439293587504	0.3515646917322384	0.27645091533188615	19.31931931931932
0.3654526541587225	0.35632491346157463	0.2782224323797024	19.41941941941942
0.35895054914070734	0.3610318086252635	0.2800176422340287	19.51951951951952
0.35248157556176146	0.365682154552251	0.2818362698859871	19.61961961961962
0.3460491456594688	0.37027282983420456	0.2836780245063261	19.71971971971972
0.33965658106066243	0.3748008190253368	0.28554259991400033	19.81981981981982
0.3333071066129639	0.37926321843156624	0.28742967495546945	19.91991991991992
0.3270038428287352	0.3836572428378655	0.2893389143333989	20.02002002002002
0.32074979982351015	0.3879802310070554	0.2912699691694341	20.12012012012012
0.3145478768994205	0.39222964561189483	0.2932224774886843	20.22022022022022
0.30840085769310105	0.396403077410579	0.2951960648963196	20.32032032032032
0.3023114019593804	0.40049825263413613	0.29719034540648315	20.42042042042042
0.29628204398959124	0.40451303393783256	0.2992049220725758	20.52052052052052
0.290315191381584	0.40844542128288663	0.301239387335529	20.62062062062062
0.2844131210907114	0.412293554850081	0.3032933240592073	20.72072072072072
0.27857797751336033	0.41605571621795	0.30536630626868927	20.82082082082082
0.2728117716577088	0.4197303286078446	0.3074578997344462	20.92092092092092
0.26711638104246493	0.42331595648446085	0.3095676624730739	21.02102102102102
0.2614935483836458	0.4268113057789583	0.3116951458373955	21.12112112112112
0.2559448821717805	0.4302152226736589	0.3138398951545602	21.22122122122122
0.2504718567228549	0.43352669310816994	0.3160014501689748	21.32132132132132
0.24507581350123211	0.4367448406578494	0.3181793458409181	21.421421421421424
0.23975796311466419	0.4398689236600075	0.3203731132253279	21.521521521521525
0.2345193869196322	0.4428983330194711	0.3225822800608962	21.621621621621625
0.22936103729176316	0.4458325915664844	0.324806371141752	21.721721721721725
0.22428374229667705	0.4486713484220077	0.3270449092813148	21.821821821821825
0.21928820859409842	0.4514143754675322	0.3292974159383689	21.921921921921925
0.2143750229964581	0.4540615653140031	0.3315634116895383	22.022022022022025
0.20954465433560582	0.4566129289660793	0.3338424166983144	22.122122122122125
0.20479746109123356	0.45906858727840555	0.3361339516303605	22.222222222222225
0.20013369431445618	0.46142876755812334	0.33843753812742	22.322322322322325
0.19555350027833998	0.4636938004655405	0.34075269925611906	22.422422422422425
0.19105691893325188	0.4658641214167574	0.3430789596499902	22.522522522522525
0.18664389642696463	0.4679402570427511	0.34541584653028373	22.622622622622625
0.18231428761112947	0.469922822347343	0.347762890041527	22.722722722722725
0.17806785985184384	0.4718125164835594	0.35011962366459626	22.822822822822825
0.17390429135990546	0.47361012421367626	0.35248558442641775	22.922922922922925
0.16982318238635585	0.4753165040918392	0.3548603135218045	23.023023023023026
0.16582405932431377	0.4769325840088445	0.35724335666684126	23.123123123123126
0.1619063787013161	0.47845935687282815	0.3596342644258553	23.223223223223226
0.15806952605583224	0.4798978815238142	0.3620325924203531	23.323323323323326
0.15431282450448483	0.481249273785234	0.3644379017102807	23.423423423423426
0.15063554054407174	0.4825147003610879	0.36684975909483986	23.523523523523526
0.14703688743334623	0.48369537522634676	0.3692677373403065	23.623623623623626
0.14351602583984974	0.48479255874787547	0.3716914154122743	23.723723723723726
0.1400720687093769	0.4858075526083627	0.37412037868225984	23.823823823823826
0.13670408829701014	0.4867416925930494	0.37655421910993997	23.923923923923926
0.13341111876340883	0.4875963458315068	0.3789925354050838	24.024024024024026
0.13019215833967052	0.4883729084440706	0.3814349332162584	24.124124124124126
0.12704617141094715	0.4890728032908562	0.3838810252981962	24.224224224224226
0.1239720955951873	0.48969747288211457	0.38633043152269764	24.324324324324326
0.12096884380437088	0.49024837719603476	0.38878277899959385	24.424424424424426
0.11803530691753507	0.4907269908972269	0.39123770218523757	24.524524524524526
0.11517035503568897	0.4911348019048167	0.39369484305949387	24.624624624624627
0.11237284293740844	0.4914733060655549	0.3961538509970362	24.724724724724727
0.10964161213909547	0.49174400502310406	0.3986143828378	24.824824824824827
0.10697549333500098	0.49194840374292226	0.40107610292207624	24.924924924924927
0.10437330782795455	0.4920880089054834	0.40353868326656156	25.025025025025027
0.10183387095793349	0.4921643256749618	0.40600180336710423	25.125125125125127
0.0993559941455484	0.4921788556582394	0.4084651501962117	25.225225225225227
0.09693848683394866	0.49213309497803953	0.4109284181880113	25.325325325325327
0.09458015822678692	0.49202853239952293	0.4133913093736897	25.425425425425427
0.09227981920408662	0.4918666475980435	0.41585353319786944	25.525525525525527
0.09003628400318021	0.49164890957349366	0.41831480642332564	25.625625625625627
0.08784837170217415	0.49137677520686684	0.4207748530909586	25.725725725725727
0.08571490796994577	0.4910516874454611	0.4232334045845927	25.825825825825827
0.08363472628545658	0.49067507420134343	0.42569019951319953	25.925925925925927
0.08160666888374034	0.49024834759626407	0.42814498351999514	26.026026026026027
0.07962958793994789	0.4897729028241584	0.43059750923589324	26.126126126126128
0.07770234718958259	0.48925011650366973	0.4330475363067472	26.226226226226228
0.07582382307707494	0.48868134558173537	0.4354948313411892	26.326326326326328
0.07399290427208757	0.48806792818090733	0.4379391675470046	26.426426426426428
0.07220849287579113	0.4874111824038899	0.4403803247203185	26.526526526526528
0.07046950494672977	0.48671240593962983	0.44281808911363996	26.626626626626628
0.06877487105863182	0.4859728756217848	0.4452522533195829	26.726726726726728
0.06712354029968506	0.48519384297140417	0.44768261672891035	26.826826826826828
0.06551447752046098	0.4843765375862141	0.4501089848933245	26.926926926926928
0.06394666294319828	0.4835221677711418	0.4525311692856595	27.027027027027028
0.062419093292708505	0.4826319193873619	0.4549489873199292	27.127127127127128
0.060930781892616505	0.48170695589487245	0.45736226221251064	27.227227227227228
0.059480759643680464	0.480748417408156	0.4597708229481631	27.32732732732733
0.0580680785457607	0.47975741691637835	0.4621745045378606	27.42742742742743
0.056691806481492225	0.478735046219635	0.46457314729887245	27.52752752752753
0.05535102869278308	0.47768237441364925	0.4669665968935673	27.62762762762763
0.05404484798321851	0.4766004477863647	0.4693547042304165	27.72772772772773
0.05277238454140513	0.47549029013067795	0.47173732532791657	27.82782782782783
0.0515327782007668	0.4743529003936268	0.474114321405606	27.92792792792793
0.05032518861789516	0.47318925259365585	0.4764855587884486	28.02802802802803
0.049148791505912004	0.4720003000401574	0.4788509084539302	28.12812812812813
0.04800278017923559	0.4707869737512411	0.4812102460695229	28.22822822822823
0.04688636528811329	0.46955018284353295	0.4835634518683534	28.32832832832833
0.045798774688041485	0.46829081477383666	0.4859104105381215	28.42842842842843
0.04473925636779786	0.46700973228779885	0.48825101134440296	28.52852852852853
0.043707075119907166	0.46570777709623834	0.49058514778385415	28.62862862862863
0.04270151200540327	0.46438577054278285	0.49291271745181353	28.72872872872873
0.041721864761111775	0.46304451325461754	0.49523362198427034	28.82882882882883
0.04076744745109052	0.4616847856031382	0.49754776694577096	28.92892892892893
0.039837590807827374	0.46030734743184754	0.49985506176032474	29.02902902902903
0.038931643921865114	0.4589129363541174	0.5021554197240171	29.12912912912913
0.03804897062209389	0.45750227166983887	0.5044487577080669	29.22922922922923
0.03718895020155126	0.45607605367872467	0.5067349961197237	29.32932932932933
0.036350977213749525	0.45463496397524433	0.5090140588110058	29.42942942942943
0.03553446109924117	0.4531796659208369	0.5112858729799215	29.52952952952953
0.03473882715998517	0.4517108037026316	0.5135503691373828	29.62962962962963
0.033963516063112334	0.4502290029298708	0.5158074810070165	29.72972972972973
0.033207982004700626	0.44873487263127143	0.5180571453640275	29.82982982982983
0.032471693168580514	0.4472290048470348	0.5202993019843842	29.929929929929934
0.03175413137666456	0.44571197506523724	0.5225338935580978	30.030030030030034
0.031054791831935977	0.444184342560774	0.5247608656072896	30.130130130130134
0.030373184097323244	0.44264664945881993	0.5269801664438565	30.230230230230234
0.029708830405373667	0.44109942254680395	0.529191747047822	30.330330330330334
0.02906126536244415	0.439543173647438	0.5313955609901174	30.430430430430434
0.02843003588115265	0.4379783997545688	0.5335915643642781	30.530530530530534
0.027814700852726724	0.43640558343508806	0.5357797157121849	30.630630630630634
0.027214831109380264	0.4348251929360277	0.5379599759545917	30.730730730730734
0.026630009752512528	0.43323768192027695	0.5401323083272103	30.830830830830834
0.0260598307178976	0.4316434909813757	0.5422966783007264	30.930930930930934
0.025503898880181876	0.43004304760152473	0.5444530535182931	31.031031031031034
0.02496182979712417	0.42843676647167095	0.5466014037312046	31.131131131131134
0.024433249416171803	0.42682504984783654	0.5487417007359914	31.231231231231234
0.023917794220558043	0.4252082874746836	0.5508739183047581	31.331331331331334
0.023415110816635262	0.4235868570551617	0.5529980321282028	31.431431431431434
0.02292485530122352	0.42196112493405535	0.5551140197647207	31.531531531531535
0.02244669321382086	0.4203314462062577	0.5572218605799212	31.631631631631635
0.021980299277177363	0.4186981650307574	0.5593215356920649	31.731731731731735
0.021525357180775313	0.4170616149029885	0.5614130279162359	31.831831831831835
0.021081559708546735	0.4154221186064081	0.5634963216850449	31.931931931931935
0.02064860802968629	0.4137799889374345	0.5655714030328789	32.032032032032035
0.020226211519850962	0.41213552893717764	0.5676382595429711	32.132132132132135
0.019814087595230383	0.41048903210935406	0.5696968802954153	32.232232232232235
0.019411961481922365	0.408840782696238	0.5717472558218394	32.332332332332335
0.019019565988154286	0.4071910559500842	0.5737893780617613	32.432432432432435
0.01863664148258616	0.40554011822236524	0.5758232402950483	32.532532532532535
0.018262935924520645	0.403888227005595	0.5778488370698841	32.632632632632635
0.017898204050576932	0.40223563171047433	0.5798661642389484	32.732732732732735
0.017542207432094722	0.40058257367986017	0.5818752188880448	32.832832832832835
0.01719471429543541	0.3989292864079534	0.5838759992966109	32.932932932932935
0.016855499335021774	0.39727599576379263	0.5858685049011854	33.033033033033036
0.01652434353198506	0.39562292020875484	0.5878527362592598	33.133133133133136
0.01620103404673112	0.39397027099726933	0.5898286949559992	33.233233233233236
0.015885363994123748	0.39231825239096957	0.5917963836149064	33.333333333333336
0.015577132247873266	0.390667061863123	0.5937558058890033	33.433433433433436
0.015276143304302346	0.38901689028857256	0.5957069664071248	33.533533533533536
0.014982207124779302	0.38736792213194005	0.5976498707432804	33.633633633633636
0.014695138982665891	0.3857203356300096	0.5995845253873242	33.733733733733736
0.014414759310143832	0.3840743029850452	0.6015109377048106	33.833833833833836
0.014140893532154024	0.3824299906151871	0.6034291158526586	33.933933933933936
0.013873371958462406	0.38078755920524543	0.6053390688362918	34.034034034034036
0.013612029639250978	0.3791471638998296	0.607240806460919	34.134134134134136
0.013356706230965663	0.3775089544699008	0.6091343392991332	34.234234234234236
0.01310724586918014	0.37587307546446197	0.6110196786663575	34.334334334334336
0.012863497045902337	0.3742396663566867	0.6128968365974106	34.434434434434436
0.012625312418484854	0.37260886179146485	0.6147658257900499	34.53453453453454
0.012392548676653299	0.3709807917485543	0.616626659574792	34.63463463463464
0.012165066555255632	0.3693555814926769	0.618479351952067	34.73473473473474
0.011942730661460484	0.367733351797096	0.6203239175414431	34.83483483483484
0.011725409368157667	0.3661142190709269	0.622160371560915	34.93493493493494
0.011512974711820598	0.3644982954808578	0.6239887298073211	35.03503503503504
0.011305302285131477	0.3628856890802159	0.6258090086346523	35.13513513513514
0.011102270979496672	0.36127650413776696	0.627621224882736	35.23523523523524
0.010903763057580859	0.3596708410286455	0.6294253959137733	35.33533533533534
0.010709664070619955	0.35806879633180605	0.6312215395975737	35.43543543543544
0.010519862729585563	0.3564704629891494	0.6330096742812646	35.53553553553554
0.010334250819589098	0.35487593040761717	0.6347898187727934	35.63563563563564
0.010152723117869134	0.3532852845569179	0.6365619923252126	35.73573573573574
0.009975177268929781	0.3516986081217656	0.6383262146093042	35.83583583583584
0.00980151357023097	0.35011598076772377	0.6400825056620448	35.93593593593594
0.009631635150698351	0.34853747890908826	0.641830885940213	36.03603603603604
0.009465447789102686	0.3469631759336292	0.6435713762772677	36.13613613613614
0.009302859844139621	0.3453931422858605	0.6453039978699995	36.23623623623624
0.009143782185438496	0.3438274455493066	0.6470287722652545	36.33633633633634
0.008988128127317885	0.3422661505254452	0.6487457213472365	36.43643643643644
0.008835813164417568	0.3407093195581188	0.6504548672774632	36.53653653653654
0.008686755039239274	0.33915701244693774	0.6521562325138226	36.63663663663664
0.008540873842650449	0.3376092863199403	0.6538498398374089	36.73673673673674
0.008398091835310205	0.33606619585199593	0.6555357123126935	36.83683683683684
0.008258333391407116	0.3345277933318052	0.6572138732767872	36.93693693693694
0.008121524944794836	0.3329941287260215	0.6588843463291831	37.03703703703704
0.00798759493743532	0.33146524974060676	0.6605471553219574	37.13713713713714
0.007856473770059524	0.32994120187953657	0.6622023243504035	37.23723723723724
0.007728093754955361	0.3284220285009673	0.6638498777440769	37.33733733733734
0.007602389070792741	0.3269077708709804	0.6654898400582264	37.43743743743744
0.007479295469288152	0.32539846852136783	0.6671222360093435	37.53753753753754
0.007358750000204459	0.32389415958503864	0.6687470904147564	37.63763763763764
0.007240691745601913	0.32239487989529364	0.670364428359104	37.73773773773774
0.007125061409040233	0.320900663487735	0.6719742751032243	37.83783783783784
0.007011801250177479	0.31941154267919425	0.6735766560706278	37.93793793793794
0.006900855035297733	0.3179275481272412	0.6751715968374606	38.03803803803804
0.006792167988136593	0.31644870888942417	0.6767591231224388	38.13813813813814
0.006685686740876708	0.31497505248240054	0.6783392607767222	38.23823823823824
0.006581359285185552	0.31350660494111804	0.679912035773696	38.33833833833834
0.006479134923167682	0.31204339087820665	0.6814774741986251	38.43843843843844
0.00637896431690334	0.31058543341566325	0.6830356022674329	38.53853853853854
0.0062807999261303045	0.3091327536134608	0.6845864464604083	38.63863863863864
0.0061845951467232405	0.3076853715824425	0.6861300332708338	38.73873873873874
0.006090304501756245	0.3062433062327915	0.6876663892654518	38.83883883883884
0.005997883676866623	0.3048065752244098	0.689195541098723	38.93893893893894
0.005907289481691441	0.3033751950131968	0.6907175155051113	39.03903903903904
0.00581847981137198	0.30194918089729966	0.6922323392913279	39.13913913913914
0.005731413608034231	0.3005285470634485	0.6937400393285168	39.23923923923924
0.005646050822153522	0.29911330663349006	0.6952406425443559	39.33933933933934
0.005562352373711385	0.2977034717112334	0.6967341759150547	39.43943943943944
0.005480280137821173	0.2962990533984476	0.6982206664637307	39.53953953953954
0.005399797514844222	0.2949000610729202	0.699700141412235	39.63963963963964
0.005320868714746612	0.29350650328997047	0.7011726279952825	39.73973973973974
0.005243458658255471	0.2921183879052239	0.7026381534365201	39.83983983983984
0.005167533149770528	0.29073572185430263	0.7040967449959263	39.93993993993994
0.005093058850783796	0.28935851118442985	0.7055484299647858	40.04004004004004
0.005020003253644208	0.2879867610856298	0.7069932356607255	40.14014014014014
0.004948334655616618	0.2866204759215847	0.7084311894227983	40.24024024024024
0.004878022133184665	0.28525965926020985	0.709862318606605	40.34034034034034
0.004809035516546926	0.2839043139040081	0.7112866505794444	40.44044044044044
0.004741345364255836	0.2825544419202644	0.7127042127154792	40.54054054054054
0.004674923100929529	0.28121004447465653	0.7141150324244135	40.64064064064064
0.004609740948044054	0.2798711219143368	0.7155191371376187	40.74074074074074
0.004545771682716222	0.27853767405839636	0.716916554258887	40.84084084084084
0.004482988751088075	0.2772097000608451	0.7183073111880663	40.94094094094094
0.004421366248721063	0.2758871984339347	0.7196914353173438	41.04104104104104
0.0043608789011845535	0.2745701670712616	0.7210689540275534	41.14114114114114
0.004301502044896025	0.273258603270581	0.7224398946845225	41.24124124124124
0.0042432116081780194	0.2719525037563745	0.7238042846354471	41.34134134134134
0.004185984092496913	0.27065186470221314	0.7251621512052895	41.44144144144144
0.0041297965538485614	0.2693566817529588	0.7265135216931922	41.54154154154154
0.004074626648377941	0.26806694996422425	0.7278584233873973	41.64164164164164
0.004020452727014042	0.2667826636786992	0.7291968835942862	41.74174174174174
0.003967253545432958	0.26550381689814734	0.7305289295564192	41.84184184184184
0.0039150083620157605	0.2642304031554873	0.7318545884824964	41.94194194194194
0.003863696933632228	0.26296241551853927	0.733173887547828	42.04204204204204
0.0038132995019106684	0.2616998466060421	0.7344868538920467	42.14214214214214
0.003763796779770114	0.2604426886033413	0.735793514616888	42.24224224224224
0.0037151699381922088	0.25919093327777465	0.7370938967840327	42.34234234234234
0.003667400593210093	0.2579445719937816	0.7383880274130078	42.44244244244244
0.003620470793091614	0.2567035957277641	0.7396759334791438	42.54254254254254
0.0035743630130244974	0.25546799507531726	0.7409576419116578	42.64264264264264
0.003529060198840393	0.254237760208871	0.7422331795922881	42.74274274274275
0.0034845456717409675	0.25301288097572183	0.7435025733525367	42.84284284284285
0.0034408031341264756	0.25179334689387917	0.7447658499719939	42.94294294294295
0.0033978166696319143	0.25057914715373114	0.7460230361766365	43.04304304304305
0.0033555707324607713	0.24937027063049122	0.7472741586370475	43.14314314314315
0.0033140501368666055	0.24816670589646816	0.7485192439666647	43.24324324324325
0.003273240046763638	0.2469684412331827	0.7497583187200532	43.34334334334335
0.0032331259654475196	0.24577546464335256	0.7509914093911995	43.44344344344345
0.0031936937254074607	0.24458776386276893	0.7522185424118231	43.54354354354355
0.0031549294796027662	0.24340532637040502	0.7534397441499916	43.64364364364365
0.003116819767796168	0.2422281393078029	0.7546550409244003	43.74374374374375
0.003079351436244153	0.24105618957571362	0.7558644589880417	43.84384384384385
0.003042511600978554	0.2398894638780492	0.7570680245209717	43.94394394394395
0.003006287672024462	0.23872794869218072	0.7582657636357942	44.04404404404405
0.0029706673453968584	0.23757163027818476	0.7594577023764177	44.14414414414415
0.002935638595214762	0.23642049468794904	0.7606438667168356	44.24424424424425
0.002901189665919527	0.235274527774154	0.7618242825599258	44.34434434434435
0.0028673090645839595	0.2341337151991458	0.7629989757362696	44.44444444444445
0.0028339855532988787	0.23299804244371705	0.7641679720029835	44.54454454454455
0.002801208141623803	0.23186749481581137	0.7653312970425642	44.64464464464465
0.002768966123397815	0.23074205740422632	0.7664889764723753	44.74474474474475
0.0027372490735107754	0.22962171508196613	0.7676410358445226	44.84484484484485
0.0027060467495491755	0.22850645262754601	0.7687875006229042	44.94494494494495
0.0026753491359108447	0.22739625466964464	0.769928396194444	45.04504504504505
0.0026451464381251483	0.22629110569349975	0.7710637478683745	45.14514514514515
0.0026154290766408376	0.2251909900479643	0.7721935808753942	45.24524524524525
0.002586187680665389	0.22409589195249896	0.7733179203668351	45.34534534534535
0.0025574130820448537	0.22300579550411348	0.7744367914138411	45.44544544544545
0.002529096309173263	0.22192068468427079	0.7755502190065554	45.54554554554555
0.0025012285809206006	0.2208405433657663	0.7766582280533125	45.64564564564565
0.00247380130056838	0.21976535531959607	0.777760843379835	45.74574574574575
0.002446806049741863	0.21869510422182653	0.7788580897284311	45.84584584584585
0.0024202346477460207	0.21762977358262128	0.7799499917696321	45.94594594594595
0.002394079165561904	0.21656934672922723	0.7810365741052102	46.04604604604605
0.0023683317641564777	0.21551380699805323	0.7821178612377897	46.14614614614615
0.002342984772263285	0.2144631376417388	0.7831938775859973	46.24624624624625
0.002318030683583919	0.2134173218321228	0.7842646474842927	46.34634634634635
0.002293462152437665	0.21237634266505725	0.7853301951825045	46.44644644644645
0.002269271989460153	0.21134018316516096	0.7863905448453783	46.54654654654655
0.0022454531573438603	0.21030882629052197	0.7874457205521336	46.64664664664665
0.002221998766613294	0.20928225493735672	0.7884957462960294	46.74674674674675
0.002198902071427694	0.20826045194463536	0.7895406459839364	46.84684684684685
0.0021761564654040875	0.20724340009868086	0.7905804434359145	46.94694694694695
0.0021537554774535353	0.20623108213775163	0.7916151623847942	47.04704704704705
0.0021316927983585	0.205223480720252	0.7926448264813889	47.14714714714715
0.0021099622932426094	0.2042205784096329	0.7936694592971238	47.24724724724725
0.0020885579134292454	0.20322235777832515	0.794689084308245	47.34734734734735
0.0020674737355400362	0.2022288013611332	0.7957037249033262	47.44744744744745
0.002046703959470088	0.20123989165728107	0.7967134043832482	47.54754754754755
0.0020262429051556272	0.2002556111338865	0.7977181459609572	47.64764764764765
0.0020060850093705745	0.19927594222940007	0.7987179727612288	47.74774774774775
0.0019862248225468236	0.19830086735701574	0.7997129078204368	47.84784784784785
0.0019666570056130067	0.19733036890805947	0.800702974086327	47.94794794794795
0.001947376326846521	0.19636442925536135	0.8016881944177915	48.04804804804805
0.0019283776587336022	0.1954030307566186	0.8026685915846472	48.14814814814815
0.0019096559748322168	0.1944461557577548	0.8036441882674124	48.24824824824825
0.0018912063722039403	0.1934937865655312	0.8046150070622643	48.34834834834835
0.0018730240887258405	0.19254590542631483	0.8055810704849588	48.44844844844845
0.0018551044201689062	0.19160249462538428	0.8065424009544463	48.54854854854855
0.0018374427563171483	0.19066353644308132	0.807499020800601	48.64864864864865
0.001820034580200633	0.18972901315532043	0.8084509522644784	48.74874874874875
0.0018028754657733413	0.1887989070359691	0.809398217498257	48.84884884884885
0.001785961075617018	0.18787320035919652	0.8103408385651859	48.94894894894895
0.0017692871586675505	0.18695187540179578	0.8112788374395361	49.04904904904905
0.0017528495479604187	0.18603491444548317	0.8122122360065559	49.14914914914915
0.0017366441583917612	0.18512229977917902	0.8131410560624287	49.24924924924925
0.0017206669844915925	0.18421401370127422	0.8140653193142336	49.34934934934935
0.0017049140982057203	0.18331003852188638	0.8149850473799073	49.44944944944945
0.0016893816603829766	0.18241035654846754	0.8159002617911489	49.54954954954955
0.0016740659334774993	0.18151495006993615	0.8168109839965858	49.64964964964965
0.0016589632307921133	0.1806238014178983	0.817717235351309	49.74974974974975
0.0016440699371250292	0.17973689294112957	0.8186190371217449	49.84984984984985
0.001629382508282248	0.17885420700573085	0.8195164104859863	49.94994994994995
0.001614897469370008	0.17797572599676623	0.8204093765338633	50.050050050050054
0.0016006114131066958	0.17710143231987766	0.8212979562670151	50.150150150150154
0.0015865209981517929	0.17623130840287912	0.8221821705989685	50.250250250250254
0.0015726229474494354	0.17536533669733304	0.823062040355217	50.350350350350354
0.001558914046584159	0.17450349968011236	0.8239375862733029	50.450450450450454
0.0015453911421464091	0.17364577985495078	0.8248088290029022	50.550550550550554
0.0015320511401053856	0.17279215975398407	0.82567578910591	50.650650650650654
0.001518891012541236	0.17194262192968437	0.8265384870577739	50.750750750750754
0.0015059078078176467	0.1710971489428403	0.8273969432493415	50.850850850850854
0.0014930986154588492	0.17025572340259368	0.8282511779819469	50.950950950950954
0.0014804605795999868	0.16941832795065287	0.8291012114697466	51.051051051051054
0.001467990898763179	0.168584945261222	0.8299470638400143	51.151151151151154
0.0014556868245783803	0.1677555580421432	0.8307887551332779	51.251251251251254
0.001443545660518004	0.16693014903602357	0.8316263053034579	51.351351351351354
0.0014315647606435854	0.16610870102134928	0.8324597342180066	51.451451451451454
