0.899	0.001	0.1	0.0
0.8989540882605459	0.0010408046276572012	0.10000510711179701	0.1001001001001001
0.8989063182528547	0.001083260542975396	0.10001042120416999	0.2002002002002002
0.8988565762194449	0.0011274687974647149	0.10001595498309046	0.3003003003003003
0.898804833496059	0.0011734548517802422	0.10002171165216081	0.4004004004004004
0.8987509853840947	0.0012213117063445452	0.10002770290956081	0.5005005005005005
0.8986949371977081	0.001271123466859427	0.10003393933543264	0.6006006006006006
0.8986366034496039	0.001322966060889992	0.10004043048950624	0.7007007007007008
0.8985758957526827	0.0013769179939073525	0.10004718625341015	0.8008008008008008
0.8985127162969258	0.0014330661343917028	0.10005421756868274	0.9009009009009009
0.8984469645430961	0.0014914997727103042	0.1000615356841937	1.001001001001001
0.8983785376214424	0.0015523102667368443	0.10006915211182102	1.1011011011011012
0.8983073271261358	0.0016155938864079852	0.1000770789874564	1.2012012012012012
0.8982332204830153	0.0016814506000195116	0.10008532891696528	1.3013013013013013
0.8981561010173263	0.0017499840116332653	0.10009391497104059	1.4014014014014016
0.8980758460772659	0.0018213030281159866	0.10010285089461833	1.5015015015015016
0.8979923285785899	0.0018955204890634385	0.10011215093234684	1.6016016016016017
0.8979054158971389	0.001972754146853134	0.10012182995600824	1.7017017017017018
0.8978149715411492	0.0020531251786070383	0.10013190328024396	1.8018018018018018
0.897720852232993	0.002136760782884884	0.10014238698412235	1.9019019019019021
0.8976229088478622	0.002223793344295076	0.10015329780784293	2.002002002002002
0.8975209867241112	0.0023143601500191	0.10016465312586996	2.1021021021021022
0.8974149255291373	0.002408603513394282	0.10017647095746869	2.2022022022022023
0.8973045591495595	0.002506670875107857	0.10018876997533277	2.3023023023023024
0.8971897149631142	0.002608715443903963	0.10020156959298204	2.4024024024024024
0.8970702108021549	0.002714898879889652	0.10021489031795557	2.5025025025025025
0.8969458592219938	0.0028253875226703726	0.10022875325533595	2.6026026026026026
0.8968164676280582	0.00294035228011589	0.10024318009182612	2.702702702702703
0.8966818294879138	0.003059976385872942	0.10025819412621356	2.802802802802803
0.8965417355705665	0.0031844454782610438	0.10027381895117272	2.902902902902903
0.8963959670360854	0.0033139537001685756	0.10029007926374624	3.0030030030030033
0.8962442972911386	0.0034487020603117414	0.10030700064854976	3.1031031031031033
0.8960864874755428	0.0035889024119055398	0.10032461011255184	3.2032032032032034
0.8959222913752801	0.003734773122476622	0.10034293550224348	3.3033033033033035
0.8957514540502225	0.0038865402837800584	0.10036200566599758	3.4034034034034035
0.89557371087331	0.004044438559044204	0.10038185056764606	3.5035035035035036
0.8953887868477204	0.004208711782998341	0.10040250136928137	3.6036036036036037
0.8951963943899117	0.004379614901508255	0.10042399070858019	3.7037037037037037
0.894996235080465	0.0045574124465110576	0.10044635247302414	3.8038038038038042
0.8947879988007466	0.004742379293664194	0.10046962190558943	3.9039039039039043
0.8945713630150833	0.004934801292931069	0.10049383569198571	4.004004004004004
0.8943459925700443	0.005134975440950983	0.10051903198900482	4.104104104104104
0.894111541197175	0.005343208525492741	0.10054525027733238	4.2042042042042045
0.893867648666484	0.005559819670975915	0.10057253166254018	4.3043043043043046
0.8936139407705234	0.0057851403450848455	0.10060091888439195	4.404404404404405
0.8933500291799287	0.00601951448067675	0.10063045633939466	4.504504504504505
0.8930755108234206	0.006263299014967281	0.10066119016161222	4.604604604604605
0.8927899659440469	0.006516865557324814	0.1006931684986284	4.704704704704705
0.8924929594927787	0.006780599211706784	0.10072644129551461	4.804804804804805
0.8921840403772332	0.007054899227770402	0.10076106039499653	4.904904904904905
0.8918627407847648	0.007340179588578012	0.10079707962665731	5.005005005005005
0.8915285754253895	0.007636869666188494	0.10083455490842197	5.105105105105105
0.8911810388384839	0.00794541652495902	0.10087354463655712	5.205205205205205
0.8908196075207807	0.008266283121966037	0.10091410935725326	5.305305305305305
0.8904437389955904	0.00859994911041704	0.10095631189399265	5.405405405405406
0.8900528709536351	0.008946911582118935	0.10100021746424599	5.505505505505506
0.8896464202851727	0.009307685892433302	0.10104589382239398	5.605605605605606
0.8892237813765307	0.009682807093801246	0.10109341152966804	5.705705705705706
0.8887843263079649	0.010072829796258464	0.10114284389577663	5.805805805805806
0.8883274052913127	0.010478327829562595	0.10119426687912471	5.9059059059059065
0.8878523452390396	0.010899895451262536	0.10124775930969789	6.0060060060060065
0.8873584489317528	0.01133814805297615	0.10130340301527115	6.106106106106107
0.8868449923950468	0.011793724300175258	0.10136128330477798	6.206206206206207
0.8863112266071699	0.012267284806250816	0.10142148858657932	6.306306306306307
0.8857563764142424	0.012759513041842176	0.10148411054391539	6.406406406406407
0.8851796394586701	0.013271116233984019	0.10154924430734599	6.506506506506507
0.884580185392638	0.01380282603747009	0.10161698856989186	6.606606606606607
0.8839571550416006	0.014355399224872042	0.1016874457335274	6.706706706706707
0.8833096593549897	0.014929618395600024	0.10176072224941034	6.806806806806807
0.8826367788025984	0.015526292702440797	0.10183692849496091	6.906906906906907
0.8819375624459858	0.016146258597404164	0.10191617895661013	7.007007007007007
0.8812110269925164	0.016790380596146924	0.10199859241133669	7.107107107107107
0.8804561558582082	0.017459552060912174	0.10208429208087962	7.207207207207207
0.8796718986737517	0.018154695577055947	0.10217340574919241	7.307307307307307
0.8788571739228361	0.01887676047517565	0.10226606560198831	7.407407407407407
0.8780108637134132	0.01962672751183344	0.10236240877475344	7.507507507507508
0.8771318136297386	0.020405608922140994	0.10246257744812055	7.6076076076076085
0.8762188324298613	0.021214448610053456	0.10256671896008539	7.7077077077077085
0.8752706912020052	0.022054322828264344	0.10267498596973058	7.807807807807809
0.8742861229853417	0.022926340408097635	0.10278753660656073	7.907907907907909
0.8732638254779793	0.02383164001698635	0.10290453450503435	8.008008008008009
0.8722024559815109	0.024771394878780554	0.10302614913970858	8.108108108108109
0.8711006314281258	0.025746812602685305	0.10315255596918897	8.208208208208209
0.8699569282308736	0.026759135178886007	0.10328393659024049	8.308308308308309
0.8687698816251898	0.027809639460044517	0.10342047891476577	8.408408408408409
0.8675379856765033	0.028899636991174114	0.10356237733232261	8.508508508508509
0.8662596974783984	0.03003046975740937	0.10370983276419227	8.608608608608609
0.8649334307897539	0.03120351620786275	0.10386305300238342	8.70870870870871
0.863557556674752	0.03242019046005772	0.10402225286519037	8.80880880880881
0.8621304038672382	0.03368194176935839	0.10418765436340349	8.90890890890891
0.8606502584746996	0.03499025463786832	0.10435948688743212	9.00900900900901
0.8591153645272124	0.03634664811056165	0.10453798736222605	9.10910910910911
0.8575239301279511	0.037752669704488755	0.10472340016756021	9.20920920920921
0.8558741212188196	0.03920990119201471	0.10491597758916577	9.30930930930931
0.8541640629001982	0.040719957147676074	0.1051159799521258	9.40940940940941
0.8523918407717086	0.04228448347115531	0.1053236757571362	9.50950950950951
0.8505555020250916	0.043905156162649124	0.1055393418122594	9.60960960960961
0.8486530572758654	0.04558367941544799	0.1057632633086868	9.70970970970971
0.8466824799707057	0.04732178591576608	0.10599573411352839	9.80980980980981
0.8446417079756557	0.04912123514220336	0.10623705688214102	9.90990990990991
0.8425286448130992	0.05098381197835106	0.10648754320854988	10.01001001001001
0.840341165027237	0.0529113214256071	0.10674751354715593	10.11011011011011
0.8380771172634269	0.05490558546738574	0.10701729726918743	10.21021021021021
0.8357343206377348	0.05696844625670217	0.10729723310556308	10.31031031031031
0.8333105696678642	0.0591017612247674	0.10758766910736843	10.41041041041041
0.8308036369079611	0.06130740035391166	0.1078889627381272	10.51051051051051
0.8282112808418085	0.06358723862083143	0.10820148053736009	10.61061061061061
0.8255312461088867	0.06594315545947928	0.108525598431634	10.710710710710712
0.8227612652711909	0.06837703280228817	0.108861701926521	10.810810810810812
0.8198990640404626	0.07089074993988695	0.10921018601965045	10.910910910910912
0.8169423660055813	0.07348617883699868	0.10957145515741991	11.011011011011012
0.8138889027171413	0.0761651745810289	0.10994592270182972	11.111111111111112
0.8107364128194974	0.07892957574655571	0.11033401143394683	11.211211211211213
0.8074826480047171	0.08178119856488078	0.11073615343040202	11.311311311311313
0.8041253793507647	0.08472183073378174	0.11115278991545353	11.411411411411413
0.8006624048500984	0.08775322420804112	0.11158437094186043	11.511511511511513
0.7970915600197327	0.09087708530674671	0.11203135467352053	11.611611611611613
0.7934107185625546	0.09409507338272945	0.11249420805471591	11.711711711711713
0.7896178016607539	0.09740879201843633	0.1129734063208097	11.811811811811813
0.7857107858482895	0.10081978142427246	0.11346943272743801	11.911911911911913
0.7816877124102232	0.10432950975896205	0.11398277783081476	12.012012012012013
0.7775466964211689	0.1079393646071555	0.11451393897167549	12.112112112112113
0.7732859334837618	0.111650645925953	0.11506342059028508	12.212212212212213
0.7689037099395301	0.11546455655570738	0.11563173350476257	12.312312312312313
0.7643984124426483	0.119382193106166	0.11621939445118565	12.412412412412413
0.7597685357286336	0.12340453935930161	0.11682692491206481	12.512512512512513
0.7550126939836734	0.12753245507921138	0.11745485093711508	12.612612612612613
0.750129632159994	0.13176666503706355	0.11810370280294245	12.712712712712714
0.7451182361399638	0.1361077496946974	0.11877401416533881	12.812812812812814
0.7399775430181115	0.140556135664796	0.11946632131709253	12.912912912912914
0.7347067442178894	0.14511209386508903	0.1201811619170216	13.013013013013014
0.7293052029410749	0.14977572246140555	0.12091907459751956	13.113113113113114
0.723772464684515	0.15454693725693508	0.12168059805855003	13.213213213213214
0.7181082663507035	0.15942546356188303	0.12246627008741352	13.313313313313314
0.7123125401998298	0.16441083306591484	0.12327662673425539	13.413413413413414
0.7063854304192669	0.16950236841666938	0.12411220116406368	13.513513513513514
0.7003273028611272	0.1746991745223138	0.12497352261655899	13.613613613613614
0.6941387526306819	0.18000013204800366	0.12586111532131447	13.713713713713714
0.6878206005006187	0.1854039021640641	0.12677549733531732	13.813813813813814
0.6813739143046751	0.19090890632496885	0.1277171793703561	13.913913913913914
0.674800015306739	0.19651332113855963	0.12868666355470137	14.014014014014014
0.668100482278798	0.20221507548569628	0.12968444223550568	14.114114114114114
0.6612771440075933	0.2080118588575726	0.1307109971348342	14.214214214214214
0.6543320995124442	0.21390110290696604	0.13176679758058976	14.314314314314315
0.647267720123221	0.21987998061933495	0.13285229925744418	14.414414414414415
0.6400866492328545	0.22594540775414745	0.133967943012998	14.514514514514515
0.632791789960331	0.23209405591989807	0.13511415411977093	14.614614614614615
0.625386322559846	0.23832233719216597	0.13629134024798803	14.714714714714715
0.6178737008408879	0.2446264089076781	0.137499890251434	14.814814814814815
0.6102576467462898	0.25100218018296105	0.13874017307074918	14.914914914914915
0.6025421344224791	0.25744532826917466	0.14001253730834626	15.015015015015017
0.5947314010185312	0.2639512900924469	0.14131730888902203	15.115115115115117
0.5868299370785717	0.2705152728779585	0.14265479004346984	15.215215215215217
0.578842476101388	0.2771322654806336	0.14402525841797859	15.315315315315317
0.5707739772528744	0.28379705582471776	0.145428966922408	15.415415415415417
0.5626296253606239	0.29050423330008784	0.14686614133928835	15.515515515515517
0.5544148161171404	0.29724820428682347	0.1483369795960362	15.615615615615617
0.5461351416960846	0.30402320712793585	0.1498416511759797	15.715715715715717
0.5377963741041272	0.31082332864368556	0.15138029725218738	15.815815815815817
0.5294044516777032	0.317642519857726	0.15295302846457093	15.915915915915917
0.5209654608418919	0.32447461458709237	0.15455992457101592	16.016016016016017
0.5124856197468922	0.3313133460352462	0.15620103421786172	16.116116116116117
0.5039712639482268	0.3381523607481742	0.1578763753035992	16.216216216216218
0.4954288187010552	0.3449852480763573	0.15958593322258768	16.316316316316318
0.48686477976925313	0.3518055593084069	0.16132966092234013	16.416416416416418
0.4782856975190293	0.35860682344054706	0.16310747904042383	16.516516516516518
0.46969816560822075	0.3653825579515405	0.16491927644023885	16.616616616616618
0.4611087814210517	0.37212630939614993	0.16676490918279852	16.716716716716718
0.4525241284792314	0.37883167055394235	0.16864420096682642	16.816816816816818
0.44395076104809383	0.38549229541095226	0.17055694354095408	16.916916916916918
0.43539519595034254	0.39210190665102707	0.17250289739863056	17.017017017017018
0.42686387453531655	0.3986543336331646	0.17448179183151896	17.117117117117118
0.418363148284851	0.40514352612279075	0.17649332559235845	17.217217217217218
0.4098992607413664	0.41156357201291144	0.1785371672457223	17.31731731731732
0.40147832541127454	0.41790871838428073	0.1806129562044449	17.41741741741742
0.3931063078010371	0.42417338870628135	0.18272030349268176	17.51751751751752
0.3847890216903671	0.43035218560771205	0.18485879270192107	17.61761761761762
0.3765321025916558	0.43643991642349333	0.18702798098485107	17.71771771771772
0.36834099260086	0.4424316072362088	0.18922740016293144	17.81781781781782
0.3602209337472313	0.4483225087482123	0.19145655750455662	17.91791791791792
0.35217695297845913	0.45410810992489326	0.19371493709664783	18.01801801801802
0.3442138489252608	0.45978414983650073	0.19600200123823866	18.11811811811812
0.3363361871628197	0.46534662141764016	0.19831719141954032	18.21821821821822
0.3285482924387582	0.47079177792473603	0.20065992963650592	18.31831831831832
0.3208542382661515	0.4761161417203062	0.20302962001354252	18.41841841841842
0.3132578440500423	0.48131650603186493	0.20542564991809298	18.51851851851852
0.3057626727380466	0.4863899361678444	0.20784739109410916	18.61861861861862
0.29837202570387017	0.49133377275771517	0.2102942015384148	18.71871871871872
0.2910889423248768	0.49614563098817444	0.2127654266869489	18.81881881881882
0.2839162000722798	0.5008233995246867	0.21526040040303368	18.91891891891892
0.2768563157591877	0.5053652373651951	0.21777844687561737	19.01901901901902
0.2699115475216772	0.5097695706567298	0.22031888182159312	19.11911911911912
0.2630838945643634	0.5140350922744439	0.22288101316119285	19.21921921921922
0.2563751065937985	0.518160750134354	0.22546414327184755	19.31931931931932
0.24978668910623147	0.5221457406355268	0.22806757025824181	19.41941941941942
0.24331991031700764	0.52598950037971	0.23069058930328243	19.51951951951952
0.23697580374874835	0.5296917029115485	0.23333249333970316	19.61961961961962
0.23075516504493543	0.5332522621198853	0.23599257283517935	19.71971971971972
0.22465857543333803	0.5366713057394208	0.23867011882724123	19.81981981981982
0.21868640563692207	0.5399491710343148	0.24136442332876323	19.91991991991992
0.21283882272738383	0.5430863963844456	0.24407478088817064	20.02002002002002
0.20711580090246592	0.5460837096014227	0.24680048949611147	20.12012012012012
0.20151713358613396	0.548942015071601	0.24954085134226509	20.22022022022022
0.19604244192975448	0.5516623842596886	0.25229517381055694	20.32032032032032
0.1906911713093583	0.5542460594253503	0.2550627692652915	20.42042042042042
0.18546261523810137	0.5566944279080446	0.2578429568538541	20.52052052052052
0.18035592407869383	0.5590090128576731	0.2606350630636331	20.62062062062062
0.17537011070841996	0.5611914669366213	0.2634384223549588	20.72072072072072
0.1705040571150252	0.5632435650406357	0.2662523778443392	20.82082082082082
0.16575653158697495	0.5651671866528858	0.2690762817601393	20.92092092092092
0.1611261961757262	0.5669643078140059	0.2719094960102681	21.02102102102102
0.15661160931399273	0.5686369980760139	0.27475139260999354	21.12112112112112
0.1522112391237727	0.5701874067523887	0.2776013541238387	21.22122122122122
0.14792347440612683	0.5716177515511083	0.28045877404276504	21.32132132132132
0.14374663099471735	0.5729303118903182	0.2833230571149646	21.421421421421424
0.13967895521990062	0.5741274250751376	0.286193619704962	21.521521521521525
0.13571863755454378	0.5752114725129823	0.289069889932474	21.621621621621625
0.1318638190602361	0.5761848730604442	0.29195130787931983	21.721721721721725
0.12811259625874666	0.577050077860297	0.29483732588095646	21.821821821821825
0.12446302749204019	0.5778095638282352	0.2977274086797247	21.921921921921925
0.1209131418727242	0.5784658247660869	0.30062103336118906	22.022022022022025
0.11746094434554763	0.579021366177376	0.3035176894770766	22.122122122122125
0.11410441972575752	0.5794787009891257	0.30641687928511696	22.222222222222225
0.11084153937168911	0.5798403430470428	0.3093181175812683	22.322322322322325
0.10767026627854384	0.5801088020695082	0.31222093165194814	22.422422422422425
0.10458855938771251	0.580286579289283	0.3151248613230047	22.522522522522525
0.10159437760504415	0.5803761633221092	0.3180294590728469	22.622622622622625
0.09868568414545702	0.5803800261760758	0.32093428967846743	22.722722722722725
0.09586045003215776	0.5803006197962318	0.3238389301716107	22.822822822822825
0.09311665787092685	0.5801403722289766	0.3267429699000968	22.922922922922925
0.0904523047842565	0.5799016848754642	0.32964601034027957	23.023023023023026
0.08786540486173681	0.5795869303193828	0.3325476648188807	23.123123123123126
0.08535399198622678	0.5791984495777576	0.33544755843601587	23.223223223223226
0.08291612366859086	0.578738548156735	0.33834532817467433	23.323323323323326
0.08054988092529561	0.5782094967500966	0.3412406223246081	23.423423423423426
0.07825337025457704	0.5776135294211817	0.3441331003242415	23.523523523523526
0.07602472511039493	0.5769528423429786	0.34702243254662674	23.623623623623626
0.07386210797862981	0.5762295918282986	0.34990830019307184	23.723723723723726
0.07176371680472775	0.5754458873399617	0.35279039585531086	23.823823823823826
0.06972777894341992	0.5746037987993036	0.35566842225727674	23.923923923923926
0.0677525532740156	0.5737053544964876	0.358542092229497	24.024024024024026
0.06583633110117908	0.5727525403699558	0.3614111285288654	24.124124124124126
0.06397743763902072	0.5717472986563228	0.3642752637046568	24.224224224224226
0.06217423812079137	0.5706915214348001	0.36713424044440884	24.324324324324326
0.060425130081344376	0.5695870593817633	0.36998781053689267	24.424424424424426
0.05872854522393243	0.5684357199605429	0.37283573481552507	24.524524524524526
0.05708294969956942	0.5672392673459771	0.37567778295445386	24.624624624624627
0.05548684516242545	0.5659994215114307	0.3785137333261443	24.724724724724727
0.0539387739867021	0.5647178528075799	0.38134337320571843	24.824824824824827
0.05243731126872556	0.563396190819701	0.38416649791157376	24.924924924924927
0.05098106643851198	0.5620360228265068	0.3869829107349817	25.025025025025027
0.04956868310600001	0.5606388941586552	0.3897924227353452	25.125125125125127
0.04819883975785044	0.5592063076489736	0.3925948525931762	25.225225225225227
0.04687025368292483	0.5577397196306746	0.39539002668640083	25.325325325325327
0.045581673809709795	0.5562405477600157	0.39817777843027485	25.425425425425427
0.04433188195910407	0.5547101698525817	0.40095794818831454	25.525525525525527
0.04311969240369725	0.5531499245197049	0.4037303830765982	25.625625625625627
0.04194395225407586	0.5515611109335108	0.40649493681241367	25.725725725725727
0.040803544072454775	0.549944986242134	0.4092514696854116	25.825825825825827
0.0396973800435487	0.5483027718659028	0.41199984809054874	25.925925925925927
0.03862440281779237	0.5466356527650846	0.4147399444171233	26.026026026026027
0.037583584904099625	0.5449447782288536	0.4174716368670471	26.126126126126128
0.0365739288234218	0.5432312618685992	0.4201948093079793	26.226226226226228
0.035594468689600325	0.5414961801188117	0.4229093511915883	26.326326326326328
0.03464426566211005	0.5397405771202272	0.4256151572176631	26.426426426426428
0.033722408442594394	0.5379654643412256	0.4283121272161803	26.526526526526528
0.032828012604062776	0.5361718214110835	0.4310001659848539	26.626626626626628
0.03196022055568015	0.5343605962970839	0.4336791831472362	26.726726726726728
0.03111820232553458	0.5325327046362023	0.4363490930382634	26.826826826826828
0.030301152200775866	0.530689033322243	0.43900981447698145	26.926926926926928
0.02950828892249702	0.5288304404334033	0.4416612706441	27.027027027027028
0.028738855014381875	0.5269577560462494	0.444303388939369	27.127127127127128
0.02799211660874688	0.5250717825439837	0.44693610084726976	27.227227227227228
0.02726736368538026	0.5231732945033378	0.4495593418112822	27.32732732732733
0.026563907673675103	0.5212630412431739	0.45217305108315137	27.42742742742743
0.02588108142084589	0.5193417469769177	0.45477717160223674	27.52752752752753
0.02521823855988568	0.5174101115678315	0.45737164987228324	27.62762762762763
0.024574753239381422	0.5154688109243509	0.45995643583626805	27.72772772772773
0.023950020023452458	0.5135184972237063	0.4625314827528415	27.82782782782783
0.02334345223030524	0.5115598006714772	0.46509674709821786	27.92792792792793
0.022754481744560066	0.509593329803742	0.46765218845169837	28.02802802802803
0.022182558445346466	0.5076196721642282	0.4701977693904256	28.12812812812813
0.021627149916191198	0.5056393947128662	0.47273345537094286	28.22822822822823
0.021087741154745192	0.5036530442303639	0.4752592146148912	28.32832832832833
0.020563833327631863	0.5016611486173173	0.4777750180550512	28.42842842842843
0.020054943536394202	0.49966421723761767	0.4802808392259884	28.52852852852853
0.019560604303156547	0.49766274152151563	0.4827766541753281	28.62862862862863
0.019080363069649553	0.4956571955526224	0.48526244137772834	28.72872872872873
0.018613782315302252	0.4936480360970175	0.48773818158768056	28.82882882882883
0.018160438667550727	0.4916357035287734	0.4902038578036762	28.92892892892893
0.017719922216096518	0.48962062256867617	0.4926594552152277	29.02902902902903
0.0172918362752154	0.487603202617932	0.4951049611068529	29.12912912912913
0.016875796957483046	0.48558383825597184	0.49754036478654545	29.22922922922923
0.01647143277776173	0.48356290971840865	0.49996565750382993	29.32932932932933
0.01607838435433171	0.48154078333625544	0.5023808323094131	29.42942942942943
0.015696303886618235	0.47951781202694826	0.5047858840864338	29.52952952952953
0.015324854810574773	0.47749433572388744	0.5071808094655381	29.62962962962963
0.014963711447692325	0.47547068179647983	0.5095656067558282	29.72972972972973
0.014612558653983388	0.4734471654588892	0.5119402758871278	29.82982982982983
0.014271091465295238	0.47142409021840004	0.514304818316305	29.929929929929934
0.013939014757797942	0.4694017482970426	0.5166592369451598	30.030030030030034
0.013616042963502842	0.467380420886145	0.5190035361503526	30.130130130130134
0.013301899749767228	0.4653603785543803	0.5213377216958529	30.230230230230234
0.012996317724480783	0.4633418815920783	0.5236618006834414	30.330330330330334
0.012699038148506597	0.4613251803470197	0.525975781504474	30.430430430430434
0.012409810502938596	0.4593105157668599	0.5282796737302019	30.530530530530534
0.012128392340045228	0.4572981195444184	0.5305734881155367	30.630630630630634
0.01185454907285421	0.4552882143515901	0.532857236575556	30.730730730730734
0.011588053679315645	0.4532810141957519	0.5351309321249328	30.830830830830834
0.011328686464363528	0.45127672469690033	0.5373945888387365	30.930930930930934
0.011076234787023532	0.44927554341047665	0.5396482218025	31.031031031031034
0.01083049262405791	0.447277660360567	0.5418918470153754	31.131131131131134
0.0105912606452922	0.4452832579182657	0.5441254814364423	31.231231231231234
0.010358345931026271	0.4432925111396091	0.5463491429293649	31.331331331331334
0.010131561748293511	0.4413055880289876	0.5485628502227192	31.431431431431434
0.009910727358913336	0.4393226497627082	0.5507666228783787	31.531531531531535
0.009695667711229905	0.43734385105613605	0.5529604812326344	31.631631631631635
0.009486213180611693	0.43536934047123726	0.5551444463481513	31.731731731731735
0.009282199658919223	0.4333992602950181	0.557318540046063	31.831831831831835
0.009083468254475402	0.43143374689778585	0.5594827848477391	31.931931931931935
0.00888986513681173	0.4294729309136328	0.5616372039495557	32.032032032032035
0.00870124137013174	0.4275169374349066	0.5637818211949619	32.132132132132135
0.008517452449877679	0.42556588656454775	0.5659166609855748	32.232232232232235
0.008338358473503879	0.4236198932045939	0.5680417483219024	32.332332332332335
0.00816382405175339	0.4216790671575058	0.570157108790741	32.432432432432435
0.007993718075969472	0.4197435134011402	0.5722627685228905	32.532532532532535
0.00782791358934709	0.4178133322387225	0.5743587541719306	32.632632632632635
0.007666287664249135	0.4158886194417351	0.5764450928940159	32.732732732732735
0.007508721285310215	0.41396946638606136	0.5785218123286286	32.832832832832835
0.007355099238050842	0.4120559601817249	0.5805889405802245	32.932932932932935
0.007205309646739956	0.4101481842204991	0.5826465061327611	33.033033033033036
0.007059243719530402	0.40824621847685527	0.5846945378036145	33.133133133133136
0.006916796392104569	0.40635013873908266	0.5867330648688129	33.233233233233236
0.006777865836486388	0.4044600171920512	0.5887621169714626	33.333333333333336
0.006642353338564073	0.4025759225610914	0.5907817241003447	33.433433433433436
0.006510163182287956	0.4006979202481392	0.5927919165695731	33.533533533533536
0.006381202534582636	0.3988260724672549	0.5947927249981627	33.633633633633636
0.006255381330581044	0.39696043837999323	0.5967841802894259	33.733733733733736
0.0061326122745913175	0.39510107408624595	0.5987663136391629	33.833833833833836
0.006012811338000829	0.39324803199370706	0.6007391566682923	33.933933933933936
0.005895896732515095	0.3914013620947052	0.6027027411727799	34.034034034034036
0.005781789055073687	0.3895611117776196	0.6046570991673069	34.134134134134136
0.005670411282078932	0.3877273258269695	0.6066022628909516	34.234234234234236
0.005561688679252179	0.3859000465292126	0.6085382647915354	34.334334334334336
0.005455548711905395	0.3840793137781787	0.610465137509916	34.434434434434436
0.0053519209553519725	0.3822651651804716	0.6123829138641765	34.53453453453454
0.005250737014824146	0.380457636149341	0.6142916268358349	34.63463463463464
0.005151931049019585	0.3786567592582533	0.6161913096927272	34.73473473473474
0.00505543920956756	0.3768625649243357	0.6180819958660968	34.83483483483484
0.0049611993058453095	0.3750750818155097	0.6199637188786451	34.93493493493494
0.004869150989531985	0.37329433662020556	0.6218365123902625	35.03503503503504
0.004779235690701411	0.3715203541219394	0.6237004101873592	35.13513513513514
0.004691396554986255	0.36975315727266306	0.6255554461723508	35.23523523523524
0.00460557838165657	0.36799276726507285	0.6274016543532707	35.33533533533534
0.004521727562455655	0.3662392036040623	0.6292390688334821	35.43543543543544
0.00443979213292771	0.36449248404486856	0.6310677238222038	35.53553553553554
0.0043597218383441645	0.3627526245139538	0.6328876536477022	35.63563563563564
0.0042814677375529525	0.36101963957766864	0.6346988926847784	35.73573573573574
0.004204982303188132	0.3592935423225722	0.6365014753742397	35.83583583583584
0.004130219380095937	0.3575743444038587	0.6382954362160455	35.93593593593594
0.004057134137912138	0.3558620561007544	0.6400808097613335	36.03603603603604
0.0039856830244297	0.35415668637101316	0.6418576306045572	36.13613613613614
0.003915823719645519	0.352458242904643	0.6436259333757116	36.23623623623624
0.003847515115382344	0.35076673214616116	0.6453857527384564	36.33633633633634
0.003780717481406436	0.34908215908696855	0.647137123431625	36.43643643643644
0.0037153921451161037	0.3474045276575064	0.6488800801973775	36.53653653653654
0.003651501501499869	0.3457338407122573	0.6506146577862428	36.63663663663664
0.0035890090163286483	0.34407010002312466	0.6523408909605467	36.73673673673674
0.00352787919189241	0.3424133063190236	0.654058814489084	36.83683683683684
0.003468077533555336	0.3407634593244876	0.655768463141957	36.93693693693694
0.003409570517055987	0.33912055779737565	0.6574698716855684	37.03703703703704
0.0033523255566100963	0.3374845995656315	0.6591630748777584	37.13713713713714
0.003296311020965052	0.3358555815155205	0.6608481074635143	37.23723723723724
0.0032414961790609717	0.3342334996507952	0.6625250041701437	37.33733733733734
0.0031878511328582277	0.33261834916470595	0.6641937997024357	37.43743743743744
0.00313534681594265	0.3310101244455299	0.6658545287385274	37.53753753753754
0.0030839549664028036	0.32940881910797964	0.6675072259256174	37.63763763763764
0.0030336481001868123	0.3278144260240533	0.6691519258757598	37.73773773773774
0.002984399484875648	0.32622693735339847	0.6707886631617258	37.83783783783784
0.002936183113809775	0.3246463445732658	0.6724174723129243	37.93793793793794
0.002888973714123853	0.32307263846834805	0.674038387817528	38.03803803803804
0.002842746790749886	0.3215058090780664	0.6756514441311836	38.13813813813814
0.0027974784603756538	0.31994584589238917	0.6772566756472351	38.23823823823824
0.00275314548520922	0.3183927378112414	0.6788541167035493	38.33833833833834
0.002709725257665574	0.31684647316198883	0.6804438015803456	38.43843843843844
0.002667195780132363	0.3153070397227469	0.6820257644971207	38.53853853853854
0.002625535645088176	0.31377442474527456	0.6836000396096372	38.63863863863864
0.002584724015528206	0.3122486149775075	0.6851666610069642	38.73873873873874
0.0025447406124008603	0.3107295966777541	0.686725662709845	38.83883883883884
0.0025055657874755136	0.30921735552728263	0.6882770786852418	38.93893893893894
0.002467180388825555	0.30771187678957196	0.6898209428216024	39.03903903903904
0.002429565751806862	0.30621314532029875	0.6913572889278943	39.13913913913914
0.00239270370594065	0.304721145558407	0.6928861507356523	39.23923923923924
0.002356576558792309	0.30323586154453686	0.6944075618966707	39.33933933933934
0.0023211670800450893	0.30175727693921933	0.6959215559807356	39.43943943943944
0.002286458485730709	0.3002853750408807	0.6974281664733886	39.53953953953954
0.0022524344225789386	0.2988201388037011	0.6989274267737199	39.63963963963964
0.0022190789524482338	0.29736155085537136	0.7004193701921804	39.73973973973974
0.002186376555052828	0.2959095934936224	0.7019040299513247	39.83983983983984
0.002154312266769713	0.29446424852492376	0.7033814392083064	39.93993993993994
0.0021228714463922345	0.2930254975358375	0.7048516310177703	40.04004004004004
0.002092039802674571	0.291593321860744	0.7063146383365814	40.14014014014014
0.002061803413509924	0.2901677025592636	0.7077704940272265	40.24024024024024
0.002032148714452754	0.28874862042922705	0.7092192308563201	40.34034034034034
0.002003062487405902	0.2873360560194477	0.7106608814931463	40.44044044044044
0.0019745318494470525	0.2859299896423271	0.7120954785082259	40.54054054054054
0.0019465442417689926	0.2845304013863218	0.7135230543719092	40.64064064064064
0.00191908741870811	0.2831372711283037	0.7149436414529882	40.74074074074074
0.001892149451433915	0.2817505785289256	0.7163572720196404	40.84084084084084
0.0018657187969570615	0.2803703029522956	0.7177639782507472	40.94094094094094
0.0018397841599869479	0.27899642362567856	0.7191637922143345	41.04104104104104
0.0018143345177387851	0.27762891961037806	0.7205567458718831	41.14114114114114
0.001789359123874565	0.27626776979679224	0.7219428710793331	41.24124124124124
0.001764847499954987	0.27491295291393686	0.7233221995861081	41.34134134134134
0.0017407894269930223	0.27356444753884707	0.7246947630341598	41.44144144144144
0.0017171749370903534	0.27222223210587904	0.7260605929570305	41.54154154154154
0.0016939943051379415	0.2708862849159343	0.7274197207789277	41.64164164164164
0.0016712380405619633	0.2695565841456285	0.7287721778138095	41.74174174174174
0.0016488968968978199	0.26823310783567156	0.7301179952674306	41.84184184184184
0.0016269619271046818	0.2669158338259181	0.7314572042469771	41.94194194194194
0.001605424360125506	0.2656047398988208	0.7327898357410536	42.04204204204204
0.0015842756325008737	0.26429980374210754	0.7341159206253915	42.14214214214214
0.0015635073899228102	0.2630010029465032	0.735435489663574	42.24224224224224
0.0015431114810237024	0.2617083150125016	0.7367485735064747	42.34234234234234
0.0015230799512499123	0.26042171735703706	0.738055202691713	42.44244244244244
0.0015034050368073384	0.25914118732007047	0.7393554076431221	42.54254254254254
0.0014840791586661882	0.25786670217110363	0.7406492186702301	42.64264264264264
0.0014650949166122168	0.2565982391156385	0.7419366659677492	42.74274274274275
0.0014464450980313337	0.2553357752842468	0.743217779617722	42.84284284284285
0.0014281227053337055	0.254079287699639	0.7444925895950273	42.94294294294295
0.0014101208790407204	0.25282875336687377	0.7457611257540856	43.04304304304305
0.0013924329204694106	0.2515841492460185	0.7470234178335121	43.14314314314315
0.0013750522902729538	0.2503454522533041	0.748279495456423	43.24324324324325
0.001357972603863494	0.24911263926595764	0.7495293881301789	43.34334334334335
0.0013411876268990806	0.24788568712695785	0.7507731252461431	43.44344344344345
0.0013246912708257353	0.24666457264972413	0.7520107360794502	43.54354354354355
0.0013084775884656624	0.24544927262274918	0.7532422497887852	43.64364364364365
0.0012925407696426129	0.24423976381418638	0.7544676954161711	43.74374374374375
0.001276875149033052	0.2430360229626232	0.7556871018883439	43.84384384384385
0.0012614752180307304	0.24183802676331823	0.7569004980186511	43.94394394394395
0.0012463355767241941	0.2406457519220855	0.7581079125011904	44.04404404404405
0.0012314509494499037	0.2394591751373603	0.7593093739131899	44.14414414414415
0.0012168161824703569	0.2382782731024552	0.7605049107150745	44.24424424424425
0.0012024262405202172	0.23710302250909393	0.7616945512503859	44.34434434434435
0.0011882762033960748	0.23593340005089455	0.7628783237457094	44.44444444444445
0.0011743612625832818	0.23476938242681047	0.7640562563106063	44.54454454454455
0.0011606767179133076	0.23361094634453686	0.7652283769375499	44.64464464464465
0.0011472179742450573	0.23245806852389017	0.7663947135018648	44.74474474474475
0.0011339805511658496	0.2313107256844096	0.7675552937644247	44.84484484484485
0.0011209600877972305	0.23016889453889344	0.7687101453733094	44.94494494494495
0.0011081523056917606	0.2290325518377321	0.7698592958565762	45.04504504504505
0.0010955530227526535	0.2279016743514017	0.7710027726258457	45.14514514514515
0.0010831581510978231	0.22677623887241874	0.7721406029764835	45.24524524524525
0.0010709636945082123	0.2256562222178001	0.7732728140876918	45.34534534534535
0.001058965745913539	0.22454160123147882	0.7743994330226077	45.44544544544545
0.0010471604849109758	0.2234323527866807	0.7755204867284083	45.54554554554555
0.0010355441753122805	0.22232845378826743	0.7766360020364204	45.64564564564565
0.0010241131627148987	0.22122988117505135	0.7777460056622338	45.74574574574575
0.0010128638811756586	0.22013661191175363	0.7788505242070707	45.84584584584585
0.0010017928515139135	0.21904862299048447	0.7799495841580016	45.94594594594595
0.000990896662502936	0.21796589145168963	0.7810432118858075	46.04604604604605
0.0009801719779215462	0.21688839437567697	0.7821314336464015	46.14614614614615
0.0009696155346494447	0.21581610888433178	0.7832142755810187	46.24624624624625
0.0009592241407246545	0.21474901214287506	0.7842917637164003	46.34634634634635
0.0009489946734274957	0.2136870813615919	0.7853639239649806	46.44644644644645
0.0009389240773877856	0.2126302937975336	0.7864307821250787	46.54654654654655
0.0009290093627119698	0.21157862675619754	0.7874923638810905	46.64664664664665
0.0009192476031268804	0.21053205759318905	0.7885486948036841	46.74674674674675
0.0009096359469872323	0.20949056370053634	0.7895998003524765	46.84684684684685
0.0009001716090629228	0.20845412251593953	0.7906457058749976	46.94694694694695
0.0008908518538792067	0.20742271154209946	0.7916864366040214	47.04704704704705
0.000881674004289451	0.2063963083359425	0.7927220176597681	47.14714714714715
0.0008726354398811243	0.20537489050997695	0.7937524740501419	47.24724724724725
0.0008637335953933555	0.20435843573363757	0.7947778306709692	47.34734734734735
0.0008549659591432365	0.2033469217346207	0.7957981123062361	47.44744744744745
0.0008463300714580007	0.2023403263002143	0.7968133436283278	47.54754754754755
0.0008378235231101994	0.20133862727862575	0.7978235491982641	47.64764764764765
0.0008294439537530075	0.20034180258031084	0.7988287534659362	47.74774774774775
0.0008211890503527841	0.199349830179308	0.7998289807703393	47.84784784784785
0.000813056545616016	0.1983626881145802	0.8008242553398038	47.94794794794795
0.0008050442203165805	0.197380354486699	0.8018146012929844	48.04804804804805
0.000797149942831496	0.19640280741007726	0.8028000426470913	48.14814814814815
0.000789371607255043	0.19543002508637092	0.803780603306374	48.24824824824825
0.0007817071414005393	0.19446198579438803	0.8047563070642114	48.34834834834835
0.0007741545158566124	0.19349866787873934	0.805727177605404	48.44844844844845
0.0007667117428825719	0.1925400497506297	0.8066932385064878	48.54854854854855
0.000759376875313995	0.19158610988863817	0.8076545132360479	48.64864864864865
0.0007521480054766867	0.19063682683949024	0.8086110251550331	48.74874874874875
0.0007450232641071663	0.18969217921882298	0.8095627975170698	48.84884884884885
0.00073800081927784	0.1887521457119463	0.8105098534687759	48.94894894894895
0.0007310788753250118	0.1878167050746023	0.8114522160500727	49.04904904904905
0.0007242556717778926	0.18688583613372442	0.8123899081944977	49.14914914914915
0.0007175294822867597	0.18595951778819939	0.8133229527295138	49.24924924924925
0.0007108986223436969	0.18503772899940224	0.8142513723782541	49.34934934934935
0.0007043614589802747	0.18412044877943343	0.8151751897615863	49.44944944944945
0.0006979163761828939	0.18320765623086874	0.8160944273929484	49.54954954954955
0.0006915617892956869	0.1822993305295259	0.8170091076811784	49.64964964964965
0.0006852961451785885	0.18139545092380346	0.817919252931018	49.74974974974975
0.0006791179213997988	0.18049599673514413	0.818824885343456	49.84984984984985
0.0006730256254339336	0.17960094735849355	0.8197260270160724	49.94994994994995
0.000667017793864566	0.17871028226275557	0.8206226999433799	50.050050050050054
0.0006610929915898676	0.17782398099124572	0.8215149260171644	50.150150150150154
0.0006552498110300552	0.17694202316214455	0.8224027270268254	50.250250250250254
0.0006494868713353493	0.17606438846895217	0.8232861246597125	50.350350350350354
0.0006438028175931517	0.1751910566809456	0.8241651405014613	50.450450450450454
0.000638196320182495	0.17432200764346084	0.8250397960363567	50.550550550550554
0.0006326660904624158	0.17345722125850715	0.8259101126510304	50.650650650650654
0.0006272108652624791	0.17259667750295232	0.8267761116317852	50.750750750750754
0.0006218293973915797	0.17174035643946228	0.8276378141631462	50.850850850850854
0.0006165204637770255	0.17088823820621227	0.8284952413300107	50.950950950950954
0.0006112828648862751	0.1700403030170971	0.8293484141180166	51.051051051051054
0.0006061154241547263	0.1691965311619364	0.8301973534139089	51.151151151151154
0.0006010169874187223	0.16835690300667494	0.8310420800059064	51.251251251251254
0.0005959864223529387	0.16752139899358023	0.8318826145840669	51.351351351351354
0.0005910226179113159	0.16668999964143702	0.8327189777406516	51.451451451451454
